         3         1  0.50000000000000E+01
         6         2  0.50000000000000E+01
         9         3  0.50000000000000E+01
        12         4  0.50000000000000E+01
        15         5  0.50000000000000E+01
        18         6  0.50000000000000E+01
        21         7  0.50000000000000E+01
        24         8  0.50000000000000E+01
        27         9  0.50000000000000E+01
        30        10  0.50000000000000E+01
        33        11  0.50000000000000E+01
        36        12  0.50000000000000E+01
        39        13  0.50000000000000E+01
        42        14  0.50000000000000E+01
        45        15  0.50000000000000E+01
        48        16  0.50000000000000E+01
        51        17  0.50000000000000E+01
        54        18  0.50000000000000E+01
        57        19  0.50000000000000E+01
        60        20  0.50000000000000E+01
        63        21  0.50000000000000E+01
        66        22  0.50000000000000E+01
        69        23  0.50000000000000E+01
        72        24  0.50000000000000E+01
        75        25  0.50000000000000E+01
        78        26  0.50000000000000E+01
        81        27  0.50000000000000E+01
        84        28  0.50000000000000E+01
        87        29  0.50000000000000E+01
        90        30  0.50000000000000E+01
        93        31  0.50000000000000E+01
        96        32  0.50000000000000E+01
        99        33  0.50000000000000E+01
       102        34  0.50000000000000E+01
       105        35  0.50000000000000E+01
       108        36  0.50000000000000E+01
       111        37  0.50000000000000E+01
       114        38  0.50000000000000E+01
       117        39  0.50000000000000E+01
       120        40  0.50000000000000E+01
       123        41  0.50000000000000E+01
       126        42  0.50000000000000E+01
       129        43  0.50000000000000E+01
       132        44  0.50000000000000E+01
       135        45  0.50000000000000E+01
       138        46  0.50000000000000E+01
       141        47  0.50000000000000E+01
       144        48  0.50000000000000E+01
       147        49  0.50000000000000E+01
       150        50  0.50000000000000E+01
       153        51  0.50000000000000E+01
       156        52  0.50000000000000E+01
       159        53  0.50000000000000E+01
       162        54  0.50000000000000E+01
       165        55  0.50000000000000E+01
       168        56  0.50000000000000E+01
       171        57  0.50000000000000E+01
       174        58  0.50000000000000E+01
       177        59  0.50000000000000E+01
       180        60  0.50000000000000E+01
       183        61  0.50000000000000E+01
       186        62  0.50000000000000E+01
       189        63  0.50000000000000E+01
       192        64  0.50000000000000E+01
       195        65  0.50000000000000E+01
       198        66  0.50000000000000E+01
       201        67  0.50000000000000E+01
       204        68  0.50000000000000E+01
       207        69  0.50000000000000E+01
       210        70  0.50000000000000E+01
       213        71  0.50000000000000E+01
       216        72  0.50000000000000E+01
       219        73  0.50000000000000E+01
       222        74  0.50000000000000E+01
       225        75  0.50000000000000E+01
       228        76  0.50000000000000E+01
       231        77  0.50000000000000E+01
       234        78  0.50000000000000E+01
       237        79  0.50000000000000E+01
       240        80  0.50000000000000E+01
       243        81  0.50000000000000E+01
       246        82  0.50000000000000E+01
       249        83  0.50000000000000E+01
       252        84  0.50000000000000E+01
       255        85  0.50000000000000E+01
       258        86  0.50000000000000E+01
       261        87  0.50000000000000E+01
       264        88  0.50000000000000E+01
       267        89  0.50000000000000E+01
       270        90  0.50000000000000E+01
       273        91  0.50000000000000E+01
       276        92  0.50000000000000E+01
       279        93  0.50000000000000E+01
       282        94  0.50000000000000E+01
       285        95  0.50000000000000E+01
       288        96  0.50000000000000E+01
       291        97  0.50000000000000E+01
       294        98  0.50000000000000E+01
       297        99  0.50000000000000E+01
       300       100  0.50000000000000E+01
       303       101  0.50000000000000E+01
       306       102  0.50000000000000E+01
       309       103  0.50000000000000E+01
       312       104  0.50000000000000E+01
       315       105  0.50000000000000E+01
       318       106  0.50000000000000E+01
       321       107  0.50000000000000E+01
       324       108  0.50000000000000E+01
       327       109  0.50000000000000E+01
       330       110  0.50000000000000E+01
       333       111  0.50000000000000E+01
       336       112  0.50000000000000E+01
       339       113  0.50000000000000E+01
       342       114  0.50000000000000E+01
       345       115  0.50000000000000E+01
       348       116  0.50000000000000E+01
       351       117  0.50000000000000E+01
       354       118  0.50000000000000E+01
       357       119  0.50000000000000E+01
       360       120  0.50000000000000E+01
       363       121  0.50000000000000E+01
       366       122  0.50000000000000E+01
       369       123  0.50000000000000E+01
       372       124  0.50000000000000E+01
       375       125  0.50000000000000E+01
       378       126  0.50000000000000E+01
       381       127  0.50000000000000E+01
       384       128  0.50000000000000E+01
       387       129  0.50000000000000E+01
       390       130  0.50000000000000E+01
       393       131  0.50000000000000E+01
       396       132  0.50000000000000E+01
       399       133  0.50000000000000E+01
       402       134  0.50000000000000E+01
       405       135  0.50000000000000E+01
       408       136  0.50000000000000E+01
       411       137  0.50000000000000E+01
       414       138  0.50000000000000E+01
       417       139  0.50000000000000E+01
       420       140  0.50000000000000E+01
       423       141  0.50000000000000E+01
       426       142  0.50000000000000E+01
       429       143  0.50000000000000E+01
       432       144  0.50000000000000E+01
       435       145  0.50000000000000E+01
       438       146  0.50000000000000E+01
       441       147  0.50000000000000E+01
       444       148  0.50000000000000E+01
       447       149  0.50000000000000E+01
       450       150  0.50000000000000E+01
       453       151  0.50000000000000E+01
       456       152  0.50000000000000E+01
       459       153  0.50000000000000E+01
       462       154  0.50000000000000E+01
       465       155  0.50000000000000E+01
       468       156  0.50000000000000E+01
       471       157  0.50000000000000E+01
       474       158  0.50000000000000E+01
       477       159  0.50000000000000E+01
       480       160  0.50000000000000E+01
       483       161  0.50000000000000E+01
       486       162  0.50000000000000E+01
       489       163  0.50000000000000E+01
       492       164  0.50000000000000E+01
       495       165  0.50000000000000E+01
       498       166  0.50000000000000E+01
       501       167  0.50000000000000E+01
       504       168  0.50000000000000E+01
       507       169  0.50000000000000E+01
       510       170  0.50000000000000E+01
       513       171  0.50000000000000E+01
       516       172  0.50000000000000E+01
       519       173  0.50000000000000E+01
       522       174  0.50000000000000E+01
       525       175  0.50000000000000E+01
       528       176  0.50000000000000E+01
       531       177  0.50000000000000E+01
       534       178  0.50000000000000E+01
       537       179  0.50000000000000E+01
       540       180  0.50000000000000E+01
       543       181  0.50000000000000E+01
       546       182  0.50000000000000E+01
       549       183  0.50000000000000E+01
       552       184  0.50000000000000E+01
       555       185  0.50000000000000E+01
       558       186  0.50000000000000E+01
       561       187  0.50000000000000E+01
       564       188  0.50000000000000E+01
       567       189  0.50000000000000E+01
       570       190  0.50000000000000E+01
       573       191  0.50000000000000E+01
       576       192  0.50000000000000E+01
       579       193  0.50000000000000E+01
       582       194  0.50000000000000E+01
       585       195  0.50000000000000E+01
       588       196  0.50000000000000E+01
       591       197  0.50000000000000E+01
       594       198  0.50000000000000E+01
       597       199  0.50000000000000E+01
       600       200  0.50000000000000E+01
       603       201  0.50000000000000E+01
       606       202  0.50000000000000E+01
       609       203  0.50000000000000E+01
       612       204  0.50000000000000E+01
       615       205  0.50000000000000E+01
       618       206  0.50000000000000E+01
       621       207  0.50000000000000E+01
       624       208  0.50000000000000E+01
       627       209  0.50000000000000E+01
       630       210  0.50000000000000E+01
       633       211  0.50000000000000E+01
       636       212  0.50000000000000E+01
       639       213  0.50000000000000E+01
       642       214  0.50000000000000E+01
       645       215  0.50000000000000E+01
       648       216  0.50000000000000E+01
       651       217  0.50000000000000E+01
       654       218  0.50000000000000E+01
       657       219  0.50000000000000E+01
       660       220  0.50000000000000E+01
       663       221  0.50000000000000E+01
       666       222  0.50000000000000E+01
       669       223  0.50000000000000E+01
       672       224  0.50000000000000E+01
       675       225  0.50000000000000E+01
       678       226  0.50000000000000E+01
       681       227  0.50000000000000E+01
       684       228  0.50000000000000E+01
       687       229  0.50000000000000E+01
       690       230  0.50000000000000E+01
       693       231  0.50000000000000E+01
       696       232  0.50000000000000E+01
       699       233  0.50000000000000E+01
       702       234  0.50000000000000E+01
       705       235  0.50000000000000E+01
       708       236  0.50000000000000E+01
       711       237  0.50000000000000E+01
       714       238  0.50000000000000E+01
       717       239  0.50000000000000E+01
       720       240  0.50000000000000E+01
       723       241  0.50000000000000E+01
       726       242  0.50000000000000E+01
       729       243  0.50000000000000E+01
       732       244  0.50000000000000E+01
       735       245  0.50000000000000E+01
       738       246  0.50000000000000E+01
       741       247  0.50000000000000E+01
       744       248  0.50000000000000E+01
       747       249  0.50000000000000E+01
       750       250  0.50000000000000E+01
       753       251  0.50000000000000E+01
       756       252  0.50000000000000E+01
       759       253  0.50000000000000E+01
       762       254  0.50000000000000E+01
       765       255  0.50000000000000E+01
       768       256  0.50000000000000E+01
       771       257  0.50000000000000E+01
       774       258  0.50000000000000E+01
       777       259  0.50000000000000E+01
       780       260  0.50000000000000E+01
       783       261  0.50000000000000E+01
       786       262  0.50000000000000E+01
       789       263  0.50000000000000E+01
       792       264  0.50000000000000E+01
       795       265  0.50000000000000E+01
       798       266  0.50000000000000E+01
       801       267  0.50000000000000E+01
       804       268  0.50000000000000E+01
       807       269  0.50000000000000E+01
       810       270  0.50000000000000E+01
       813       271  0.50000000000000E+01
       816       272  0.50000000000000E+01
       819       273  0.50000000000000E+01
       822       274  0.50000000000000E+01
       825       275  0.50000000000000E+01
       828       276  0.50000000000000E+01
       831       277  0.50000000000000E+01
       834       278  0.50000000000000E+01
       837       279  0.50000000000000E+01
       840       280  0.50000000000000E+01
       843       281  0.50000000000000E+01
       846       282  0.50000000000000E+01
       849       283  0.50000000000000E+01
       852       284  0.50000000000000E+01
       855       285  0.50000000000000E+01
       858       286  0.50000000000000E+01
       861       287  0.50000000000000E+01
       864       288  0.50000000000000E+01
       867       289  0.50000000000000E+01
       870       290  0.50000000000000E+01
       873       291  0.50000000000000E+01
       876       292  0.50000000000000E+01
       879       293  0.50000000000000E+01
       882       294  0.50000000000000E+01
       885       295  0.50000000000000E+01
       888       296  0.50000000000000E+01
       891       297  0.50000000000000E+01
       894       298  0.50000000000000E+01
       897       299  0.50000000000000E+01
       900       300  0.50000000000000E+01
       903       301  0.50000000000000E+01
       906       302  0.50000000000000E+01
       909       303  0.50000000000000E+01
       912       304  0.50000000000000E+01
       915       305  0.50000000000000E+01
       918       306  0.50000000000000E+01
       921       307  0.50000000000000E+01
       924       308  0.50000000000000E+01
       927       309  0.50000000000000E+01
       930       310  0.50000000000000E+01
       933       311  0.50000000000000E+01
       936       312  0.50000000000000E+01
       939       313  0.50000000000000E+01
       942       314  0.50000000000000E+01
       945       315  0.50000000000000E+01
       948       316  0.50000000000000E+01
       951       317  0.50000000000000E+01
       954       318  0.50000000000000E+01
       957       319  0.50000000000000E+01
       960       320  0.50000000000000E+01
       963       321  0.50000000000000E+01
       966       322  0.50000000000000E+01
       969       323  0.50000000000000E+01
       972       324  0.50000000000000E+01
       975       325  0.50000000000000E+01
       978       326  0.50000000000000E+01
       981       327  0.50000000000000E+01
       984       328  0.50000000000000E+01
       987       329  0.50000000000000E+01
       990       330  0.50000000000000E+01
       993       331  0.50000000000000E+01
       996       332  0.50000000000000E+01
       999       333  0.50000000000000E+01
      1002       334  0.50000000000000E+01
      1005       335  0.50000000000000E+01
      1008       336  0.50000000000000E+01
      1011       337  0.50000000000000E+01
      1014       338  0.50000000000000E+01
      1017       339  0.50000000000000E+01
      1020       340  0.50000000000000E+01
      1023       341  0.50000000000000E+01
      1026       342  0.50000000000000E+01
      1029       343  0.50000000000000E+01
      1032       344  0.50000000000000E+01
      1035       345  0.50000000000000E+01
      1038       346  0.50000000000000E+01
      1041       347  0.50000000000000E+01
      1044       348  0.50000000000000E+01
      1047       349  0.50000000000000E+01
      1050       350  0.50000000000000E+01
      1053       351  0.50000000000000E+01
      1056       352  0.50000000000000E+01
      1059       353  0.50000000000000E+01
      1062       354  0.50000000000000E+01
      1065       355  0.50000000000000E+01
      1068       356  0.50000000000000E+01
      1071       357  0.50000000000000E+01
      1074       358  0.50000000000000E+01
      1077       359  0.50000000000000E+01
      1080       360  0.50000000000000E+01
      1083       361  0.50000000000000E+01
      1086       362  0.50000000000000E+01
      1089       363  0.50000000000000E+01
      1092       364  0.50000000000000E+01
      1095       365  0.50000000000000E+01
      1098       366  0.50000000000000E+01
      1101       367  0.50000000000000E+01
      1104       368  0.50000000000000E+01
      1107       369  0.50000000000000E+01
      1110       370  0.50000000000000E+01
      1113       371  0.50000000000000E+01
      1116       372  0.50000000000000E+01
      1119       373  0.50000000000000E+01
      1122       374  0.50000000000000E+01
      1125       375  0.50000000000000E+01
      1128       376  0.50000000000000E+01
      1131       377  0.50000000000000E+01
      1134       378  0.50000000000000E+01
      1137       379  0.50000000000000E+01
      1140       380  0.50000000000000E+01
      1143       381  0.50000000000000E+01
      1146       382  0.50000000000000E+01
      1149       383  0.50000000000000E+01
      1152       384  0.50000000000000E+01
      1155       385  0.50000000000000E+01
      1158       386  0.50000000000000E+01
      1161       387  0.50000000000000E+01
      1164       388  0.50000000000000E+01
      1167       389  0.50000000000000E+01
      1170       390  0.50000000000000E+01
      1173       391  0.50000000000000E+01
      1176       392  0.50000000000000E+01
      1179       393  0.50000000000000E+01
      1182       394  0.50000000000000E+01
      1185       395  0.50000000000000E+01
      1188       396  0.50000000000000E+01
      1191       397  0.50000000000000E+01
      1194       398  0.50000000000000E+01
      1197       399  0.50000000000000E+01
      1200       400  0.50000000000000E+01
      1203       401  0.50000000000000E+01
      1206       402  0.50000000000000E+01
      1209       403  0.50000000000000E+01
      1212       404  0.50000000000000E+01
      1215       405  0.50000000000000E+01
      1218       406  0.50000000000000E+01
      1221       407  0.50000000000000E+01
      1224       408  0.50000000000000E+01
      1227       409  0.50000000000000E+01
      1230       410  0.50000000000000E+01
      1233       411  0.50000000000000E+01
      1236       412  0.50000000000000E+01
      1239       413  0.50000000000000E+01
      1242       414  0.50000000000000E+01
      1245       415  0.50000000000000E+01
      1248       416  0.50000000000000E+01
      1251       417  0.50000000000000E+01
      1254       418  0.50000000000000E+01
      1257       419  0.50000000000000E+01
      1260       420  0.50000000000000E+01
      1263       421  0.50000000000000E+01
      1266       422  0.50000000000000E+01
      1269       423  0.50000000000000E+01
      1272       424  0.50000000000000E+01
      1275       425  0.50000000000000E+01
      1278       426  0.50000000000000E+01
      1281       427  0.50000000000000E+01
      1284       428  0.50000000000000E+01
      1287       429  0.50000000000000E+01
      1290       430  0.50000000000000E+01
      1293       431  0.50000000000000E+01
      1296       432  0.50000000000000E+01
      1299       433  0.50000000000000E+01
      1302       434  0.50000000000000E+01
      1305       435  0.50000000000000E+01
      1308       436  0.50000000000000E+01
      1311       437  0.50000000000000E+01
      1314       438  0.50000000000000E+01
      1317       439  0.50000000000000E+01
      1320       440  0.50000000000000E+01
      1323       441  0.50000000000000E+01
      1326       442  0.50000000000000E+01
      1329       443  0.50000000000000E+01
      1332       444  0.50000000000000E+01
      1335       445  0.50000000000000E+01
      1338       446  0.50000000000000E+01
      1341       447  0.50000000000000E+01
      1344       448  0.50000000000000E+01
      1347       449  0.50000000000000E+01
      1350       450  0.50000000000000E+01
      1353       451  0.50000000000000E+01
      1356       452  0.50000000000000E+01
      1359       453  0.50000000000000E+01
      1362       454  0.50000000000000E+01
      1365       455  0.50000000000000E+01
      1368       456  0.50000000000000E+01
      1371       457  0.50000000000000E+01
      1374       458  0.50000000000000E+01
      1377       459  0.50000000000000E+01
      1380       460  0.50000000000000E+01
      1383       461  0.50000000000000E+01
      1386       462  0.50000000000000E+01
      1389       463  0.50000000000000E+01
      1392       464  0.50000000000000E+01
      1395       465  0.50000000000000E+01
      1398       466  0.50000000000000E+01
      1401       467  0.50000000000000E+01
      1404       468  0.50000000000000E+01
      1407       469  0.50000000000000E+01
      1410       470  0.50000000000000E+01
      1413       471  0.50000000000000E+01
      1416       472  0.50000000000000E+01
      1419       473  0.50000000000000E+01
      1422       474  0.50000000000000E+01
      1425       475  0.50000000000000E+01
      1428       476  0.50000000000000E+01
      1431       477  0.50000000000000E+01
      1434       478  0.50000000000000E+01
      1437       479  0.50000000000000E+01
      1440       480  0.50000000000000E+01
      1443       481  0.50000000000000E+01
      1446       482  0.50000000000000E+01
      1449       483  0.50000000000000E+01
      1452       484  0.50000000000000E+01
      1455       485  0.50000000000000E+01
      1458       486  0.50000000000000E+01
      1461       487  0.50000000000000E+01
      1464       488  0.50000000000000E+01
      1467       489  0.50000000000000E+01
      1470       490  0.50000000000000E+01
      1473       491  0.50000000000000E+01
      1476       492  0.50000000000000E+01
      1479       493  0.50000000000000E+01
      1482       494  0.50000000000000E+01
      1485       495  0.50000000000000E+01
      1488       496  0.50000000000000E+01
      1491       497  0.50000000000000E+01
      1494       498  0.50000000000000E+01
      1497       499  0.50000000000000E+01
      1500       500  0.50000000000000E+01
      1503       501  0.50000000000000E+01
      1506       502  0.50000000000000E+01
      1509       503  0.50000000000000E+01
      1512       504  0.50000000000000E+01
      1515       505  0.50000000000000E+01
      1518       506  0.50000000000000E+01
      1521       507  0.50000000000000E+01
      1524       508  0.50000000000000E+01
      1527       509  0.50000000000000E+01
      1530       510  0.50000000000000E+01
      1533       511  0.50000000000000E+01
      1536       512  0.50000000000000E+01
      1539       513  0.50000000000000E+01
      1542       514  0.50000000000000E+01
      1545       515  0.50000000000000E+01
      1548       516  0.50000000000000E+01
      1551       517  0.50000000000000E+01
      1554       518  0.50000000000000E+01
      1557       519  0.50000000000000E+01
      1560       520  0.50000000000000E+01
      1563       521  0.50000000000000E+01
      1566       522  0.50000000000000E+01
      1569       523  0.50000000000000E+01
      1572       524  0.50000000000000E+01
      1575       525  0.50000000000000E+01
      1578       526  0.50000000000000E+01
      1581       527  0.50000000000000E+01
      1584       528  0.50000000000000E+01
      1587       529  0.50000000000000E+01
      1590       530  0.50000000000000E+01
      1593       531  0.50000000000000E+01
      1596       532  0.50000000000000E+01
      1599       533  0.50000000000000E+01
      1602       534  0.50000000000000E+01
      1605       535  0.50000000000000E+01
      1608       536  0.50000000000000E+01
      1611       537  0.50000000000000E+01
      1614       538  0.50000000000000E+01
      1617       539  0.50000000000000E+01
      1620       540  0.50000000000000E+01
      1623       541  0.50000000000000E+01
      1626       542  0.50000000000000E+01
      1629       543  0.50000000000000E+01
      1632       544  0.50000000000000E+01
      1635       545  0.50000000000000E+01
      1638       546  0.50000000000000E+01
      1641       547  0.50000000000000E+01
      1644       548  0.50000000000000E+01
      1647       549  0.50000000000000E+01
      1650       550  0.50000000000000E+01
      1653       551  0.50000000000000E+01
      1656       552  0.50000000000000E+01
      1659       553  0.50000000000000E+01
      1662       554  0.50000000000000E+01
      1665       555  0.50000000000000E+01
      1668       556  0.50000000000000E+01
      1671       557  0.50000000000000E+01
      1674       558  0.50000000000000E+01
      1677       559  0.50000000000000E+01
      1680       560  0.50000000000000E+01
      1683       561  0.50000000000000E+01
      1686       562  0.50000000000000E+01
      1689       563  0.50000000000000E+01
      1692       564  0.50000000000000E+01
      1695       565  0.50000000000000E+01
      1698       566  0.50000000000000E+01
      1701       567  0.50000000000000E+01
      1704       568  0.50000000000000E+01
      1707       569  0.50000000000000E+01
      1710       570  0.50000000000000E+01
      1713       571  0.50000000000000E+01
      1716       572  0.50000000000000E+01
      1719       573  0.50000000000000E+01
      1722       574  0.50000000000000E+01
      1725       575  0.50000000000000E+01
      1728       576  0.50000000000000E+01
      1731       577  0.50000000000000E+01
      1734       578  0.50000000000000E+01
      1737       579  0.50000000000000E+01
      1740       580  0.50000000000000E+01
      1743       581  0.50000000000000E+01
      1746       582  0.50000000000000E+01
      1749       583  0.50000000000000E+01
      1752       584  0.50000000000000E+01
      1755       585  0.50000000000000E+01
      1758       586  0.50000000000000E+01
      1761       587  0.50000000000000E+01
      1764       588  0.50000000000000E+01
      1767       589  0.50000000000000E+01
      1770       590  0.50000000000000E+01
      1773       591  0.50000000000000E+01
      1776       592  0.50000000000000E+01
      1779       593  0.50000000000000E+01
      1782       594  0.50000000000000E+01
      1785       595  0.50000000000000E+01
      1788       596  0.50000000000000E+01
      1791       597  0.50000000000000E+01
      1794       598  0.50000000000000E+01
      1797       599  0.50000000000000E+01
      1800       600  0.50000000000000E+01
      1803       601  0.50000000000000E+01
      1806       602  0.50000000000000E+01
      1809       603  0.50000000000000E+01
      1812       604  0.50000000000000E+01
      1815       605  0.50000000000000E+01
      1818       606  0.50000000000000E+01
      1821       607  0.50000000000000E+01
      1824       608  0.50000000000000E+01
      1827       609  0.50000000000000E+01
      1830       610  0.50000000000000E+01
      1833       611  0.50000000000000E+01
      1836       612  0.50000000000000E+01
      1839       613  0.50000000000000E+01
      1842       614  0.50000000000000E+01
      1845       615  0.50000000000000E+01
      1848       616  0.50000000000000E+01
      1851       617  0.50000000000000E+01
      1854       618  0.50000000000000E+01
      1857       619  0.50000000000000E+01
      1860       620  0.50000000000000E+01
      1863       621  0.50000000000000E+01
      1866       622  0.50000000000000E+01
      1869       623  0.50000000000000E+01
      1872       624  0.50000000000000E+01
      1875       625  0.50000000000000E+01
      1878       626  0.50000000000000E+01
      1881       627  0.50000000000000E+01
      1884       628  0.50000000000000E+01
      1887       629  0.50000000000000E+01
      1890       630  0.50000000000000E+01
      1893       631  0.50000000000000E+01
      1896       632  0.50000000000000E+01
      1899       633  0.50000000000000E+01
      1902       634  0.50000000000000E+01
      1905       635  0.50000000000000E+01
      1908       636  0.50000000000000E+01
      1911       637  0.50000000000000E+01
      1914       638  0.50000000000000E+01
      1917       639  0.50000000000000E+01
      1920       640  0.50000000000000E+01
      1923       641  0.50000000000000E+01
      1926       642  0.50000000000000E+01
      1929       643  0.50000000000000E+01
      1932       644  0.50000000000000E+01
      1935       645  0.50000000000000E+01
      1938       646  0.50000000000000E+01
      1941       647  0.50000000000000E+01
      1944       648  0.50000000000000E+01
      1947       649  0.50000000000000E+01
      1950       650  0.50000000000000E+01
      1953       651  0.50000000000000E+01
      1956       652  0.50000000000000E+01
      1959       653  0.50000000000000E+01
      1962       654  0.50000000000000E+01
      1965       655  0.50000000000000E+01
      1968       656  0.50000000000000E+01
      1971       657  0.50000000000000E+01
      1974       658  0.50000000000000E+01
      1977       659  0.50000000000000E+01
      1980       660  0.50000000000000E+01
      1983       661  0.50000000000000E+01
      1986       662  0.50000000000000E+01
      1989       663  0.50000000000000E+01
      1992       664  0.50000000000000E+01
      1995       665  0.50000000000000E+01
      1998       666  0.50000000000000E+01
      2001       667  0.50000000000000E+01
      2004       668  0.50000000000000E+01
      2007       669  0.50000000000000E+01
      2010       670  0.50000000000000E+01
      2013       671  0.50000000000000E+01
      2016       672  0.50000000000000E+01
      2019       673  0.50000000000000E+01
      2022       674  0.50000000000000E+01
      2025       675  0.50000000000000E+01
      2028       676  0.50000000000000E+01
      2031       677  0.50000000000000E+01
      2034       678  0.50000000000000E+01
      2037       679  0.50000000000000E+01
      2040       680  0.50000000000000E+01
      2043       681  0.50000000000000E+01
      2046       682  0.50000000000000E+01
      2049       683  0.50000000000000E+01
      2052       684  0.50000000000000E+01
      2055       685  0.50000000000000E+01
      2058       686  0.50000000000000E+01
      2061       687  0.50000000000000E+01
      2064       688  0.50000000000000E+01
      2067       689  0.50000000000000E+01
      2070       690  0.50000000000000E+01
      2073       691  0.50000000000000E+01
      2076       692  0.50000000000000E+01
      2079       693  0.50000000000000E+01
      2082       694  0.50000000000000E+01
      2085       695  0.50000000000000E+01
      2088       696  0.50000000000000E+01
      2091       697  0.50000000000000E+01
      2094       698  0.50000000000000E+01
      2097       699  0.50000000000000E+01
      2100       700  0.50000000000000E+01
      2103       701  0.50000000000000E+01
      2106       702  0.50000000000000E+01
      2109       703  0.50000000000000E+01
      2112       704  0.50000000000000E+01
      2115       705  0.50000000000000E+01
      2118       706  0.50000000000000E+01
      2121       707  0.50000000000000E+01
      2124       708  0.50000000000000E+01
      2127       709  0.50000000000000E+01
      2130       710  0.50000000000000E+01
      2133       711  0.50000000000000E+01
      2136       712  0.50000000000000E+01
      2139       713  0.50000000000000E+01
      2142       714  0.50000000000000E+01
      2145       715  0.50000000000000E+01
      2148       716  0.50000000000000E+01
      2151       717  0.50000000000000E+01
      2154       718  0.50000000000000E+01
      2157       719  0.50000000000000E+01
      2160       720  0.50000000000000E+01
      2163       721  0.50000000000000E+01
      2166       722  0.50000000000000E+01
      2169       723  0.50000000000000E+01
      2172       724  0.50000000000000E+01
      2175       725  0.50000000000000E+01
      2178       726  0.50000000000000E+01
      2181       727  0.50000000000000E+01
      2184       728  0.50000000000000E+01
      2187       729  0.50000000000000E+01
      2190       730  0.50000000000000E+01
      2193       731  0.50000000000000E+01
      2196       732  0.50000000000000E+01
      2199       733  0.50000000000000E+01
      2202       734  0.50000000000000E+01
      2205       735  0.50000000000000E+01
      2208       736  0.50000000000000E+01
      2211       737  0.50000000000000E+01
      2214       738  0.50000000000000E+01
      2217       739  0.50000000000000E+01
      2220       740  0.50000000000000E+01
      2223       741  0.50000000000000E+01
      2226       742  0.50000000000000E+01
      2229       743  0.50000000000000E+01
      2232       744  0.50000000000000E+01
      2235       745  0.50000000000000E+01
      2238       746  0.50000000000000E+01
      2241       747  0.50000000000000E+01
      2244       748  0.50000000000000E+01
      2247       749  0.50000000000000E+01
      2250       750  0.50000000000000E+01
      2253       751  0.50000000000000E+01
      2256       752  0.50000000000000E+01
      2259       753  0.50000000000000E+01
      2262       754  0.50000000000000E+01
      2265       755  0.50000000000000E+01
      2268       756  0.50000000000000E+01
      2271       757  0.50000000000000E+01
      2274       758  0.50000000000000E+01
      2277       759  0.50000000000000E+01
      2280       760  0.50000000000000E+01
      2283       761  0.50000000000000E+01
      2286       762  0.50000000000000E+01
      2289       763  0.50000000000000E+01
      2292       764  0.50000000000000E+01
      2295       765  0.50000000000000E+01
      2298       766  0.50000000000000E+01
      2301       767  0.50000000000000E+01
      2304       768  0.50000000000000E+01
      2307       769  0.50000000000000E+01
      2310       770  0.50000000000000E+01
      2313       771  0.50000000000000E+01
      2316       772  0.50000000000000E+01
      2319       773  0.50000000000000E+01
      2322       774  0.50000000000000E+01
      2325       775  0.50000000000000E+01
      2328       776  0.50000000000000E+01
      2331       777  0.50000000000000E+01
      2334       778  0.50000000000000E+01
      2337       779  0.50000000000000E+01
      2340       780  0.50000000000000E+01
      2343       781  0.50000000000000E+01
      2346       782  0.50000000000000E+01
      2349       783  0.50000000000000E+01
      2352       784  0.50000000000000E+01
      2355       785  0.50000000000000E+01
      2358       786  0.50000000000000E+01
      2361       787  0.50000000000000E+01
      2364       788  0.50000000000000E+01
      2367       789  0.50000000000000E+01
      2370       790  0.50000000000000E+01
      2373       791  0.50000000000000E+01
      2376       792  0.50000000000000E+01
      2379       793  0.50000000000000E+01
      2382       794  0.50000000000000E+01
      2385       795  0.50000000000000E+01
      2388       796  0.50000000000000E+01
      2391       797  0.50000000000000E+01
      2394       798  0.50000000000000E+01
      2397       799  0.50000000000000E+01
      2400       800  0.50000000000000E+01
      2403       801  0.50000000000000E+01
      2406       802  0.50000000000000E+01
      2409       803  0.50000000000000E+01
      2412       804  0.50000000000000E+01
      2415       805  0.50000000000000E+01
      2418       806  0.50000000000000E+01
      2421       807  0.50000000000000E+01
      2424       808  0.50000000000000E+01
      2427       809  0.50000000000000E+01
      2430       810  0.50000000000000E+01
      2433       811  0.50000000000000E+01
      2436       812  0.50000000000000E+01
      2439       813  0.50000000000000E+01
      2442       814  0.50000000000000E+01
      2445       815  0.50000000000000E+01
      2448       816  0.50000000000000E+01
      2451       817  0.50000000000000E+01
      2454       818  0.50000000000000E+01
      2457       819  0.50000000000000E+01
      2460       820  0.50000000000000E+01
      2463       821  0.50000000000000E+01
      2466       822  0.50000000000000E+01
      2469       823  0.50000000000000E+01
      2472       824  0.50000000000000E+01
      2475       825  0.50000000000000E+01
      2478       826  0.50000000000000E+01
      2481       827  0.50000000000000E+01
      2484       828  0.50000000000000E+01
      2487       829  0.50000000000000E+01
      2490       830  0.50000000000000E+01
      2493       831  0.50000000000000E+01
      2496       832  0.50000000000000E+01
      2499       833  0.50000000000000E+01
      2502       834  0.50000000000000E+01
      2505       835  0.50000000000000E+01
      2508       836  0.50000000000000E+01
      2511       837  0.50000000000000E+01
      2514       838  0.50000000000000E+01
      2517       839  0.50000000000000E+01
      2520       840  0.50000000000000E+01
      2523       841  0.50000000000000E+01
      2526       842  0.50000000000000E+01
      2529       843  0.50000000000000E+01
      2532       844  0.50000000000000E+01
      2535       845  0.50000000000000E+01
      2538       846  0.50000000000000E+01
      2541       847  0.50000000000000E+01
      2544       848  0.50000000000000E+01
      2547       849  0.50000000000000E+01
      2550       850  0.50000000000000E+01
      2553       851  0.50000000000000E+01
      2556       852  0.50000000000000E+01
      2559       853  0.50000000000000E+01
      2562       854  0.50000000000000E+01
      2565       855  0.50000000000000E+01
      2568       856  0.50000000000000E+01
      2571       857  0.50000000000000E+01
      2574       858  0.50000000000000E+01
      2577       859  0.50000000000000E+01
      2580       860  0.50000000000000E+01
      2583       861  0.50000000000000E+01
      2586       862  0.50000000000000E+01
      2589       863  0.50000000000000E+01
      2592       864  0.50000000000000E+01
      2595       865  0.50000000000000E+01
      2598       866  0.50000000000000E+01
      2601       867  0.50000000000000E+01
      2604       868  0.50000000000000E+01
      2607       869  0.50000000000000E+01
      2610       870  0.50000000000000E+01
      2613       871  0.50000000000000E+01
      2616       872  0.50000000000000E+01
      2619       873  0.50000000000000E+01
      2622       874  0.50000000000000E+01
      2625       875  0.50000000000000E+01
      2628       876  0.50000000000000E+01
      2631       877  0.50000000000000E+01
      2634       878  0.50000000000000E+01
      2637       879  0.50000000000000E+01
      2640       880  0.50000000000000E+01
      2643       881  0.50000000000000E+01
      2646       882  0.50000000000000E+01
      2649       883  0.50000000000000E+01
      2652       884  0.50000000000000E+01
      2655       885  0.50000000000000E+01
      2658       886  0.50000000000000E+01
      2661       887  0.50000000000000E+01
      2664       888  0.50000000000000E+01
      2667       889  0.50000000000000E+01
      2670       890  0.50000000000000E+01
      2673       891  0.50000000000000E+01
      2676       892  0.50000000000000E+01
      2679       893  0.50000000000000E+01
      2682       894  0.50000000000000E+01
      2685       895  0.50000000000000E+01
      2688       896  0.50000000000000E+01
      2691       897  0.50000000000000E+01
      2694       898  0.50000000000000E+01
      2697       899  0.50000000000000E+01
      2700       900  0.50000000000000E+01
      2703       901  0.50000000000000E+01
      2706       902  0.50000000000000E+01
      2709       903  0.50000000000000E+01
      2712       904  0.50000000000000E+01
      2715       905  0.50000000000000E+01
      2718       906  0.50000000000000E+01
      2721       907  0.50000000000000E+01
      2724       908  0.50000000000000E+01
      2727       909  0.50000000000000E+01
      2730       910  0.50000000000000E+01
      2733       911  0.50000000000000E+01
      2736       912  0.50000000000000E+01
      2739       913  0.50000000000000E+01
      2742       914  0.50000000000000E+01
      2745       915  0.50000000000000E+01
      2748       916  0.50000000000000E+01
      2751       917  0.50000000000000E+01
      2754       918  0.50000000000000E+01
      2757       919  0.50000000000000E+01
      2760       920  0.50000000000000E+01
      2763       921  0.50000000000000E+01
      2766       922  0.50000000000000E+01
      2769       923  0.50000000000000E+01
      2772       924  0.50000000000000E+01
      2775       925  0.50000000000000E+01
      2778       926  0.50000000000000E+01
      2781       927  0.50000000000000E+01
      2784       928  0.50000000000000E+01
      2787       929  0.50000000000000E+01
      2790       930  0.50000000000000E+01
      2793       931  0.50000000000000E+01
      2796       932  0.50000000000000E+01
      2799       933  0.50000000000000E+01
      2802       934  0.50000000000000E+01
      2805       935  0.50000000000000E+01
      2808       936  0.50000000000000E+01
      2811       937  0.50000000000000E+01
      2814       938  0.50000000000000E+01
      2817       939  0.50000000000000E+01
      2820       940  0.50000000000000E+01
      2823       941  0.50000000000000E+01
      2826       942  0.50000000000000E+01
      2829       943  0.50000000000000E+01
      2832       944  0.50000000000000E+01
      2835       945  0.50000000000000E+01
      2838       946  0.50000000000000E+01
      2841       947  0.50000000000000E+01
      2844       948  0.50000000000000E+01
      2847       949  0.50000000000000E+01
      2850       950  0.50000000000000E+01
      2853       951  0.50000000000000E+01
      2856       952  0.50000000000000E+01
      2859       953  0.50000000000000E+01
      2862       954  0.50000000000000E+01
      2865       955  0.50000000000000E+01
      2868       956  0.50000000000000E+01
      2871       957  0.50000000000000E+01
      2874       958  0.50000000000000E+01
      2877       959  0.50000000000000E+01
      2880       960  0.50000000000000E+01
      2883       961  0.50000000000000E+01
      2886       962  0.50000000000000E+01
      2889       963  0.50000000000000E+01
      2892       964  0.50000000000000E+01
      2895       965  0.50000000000000E+01
      2898       966  0.50000000000000E+01
      2901       967  0.50000000000000E+01
      2904       968  0.50000000000000E+01
      2907       969  0.50000000000000E+01
      2910       970  0.50000000000000E+01
      2913       971  0.50000000000000E+01
      2916       972  0.50000000000000E+01
      2919       973  0.50000000000000E+01
      2922       974  0.50000000000000E+01
      2925       975  0.50000000000000E+01
      2928       976  0.50000000000000E+01
      2931       977  0.50000000000000E+01
      2934       978  0.50000000000000E+01
      2937       979  0.50000000000000E+01
      2940       980  0.50000000000000E+01
      2943       981  0.50000000000000E+01
      2946       982  0.50000000000000E+01
      2949       983  0.50000000000000E+01
      2952       984  0.50000000000000E+01
      2955       985  0.50000000000000E+01
      2958       986  0.50000000000000E+01
      2961       987  0.50000000000000E+01
      2964       988  0.50000000000000E+01
      2967       989  0.50000000000000E+01
      2970       990  0.50000000000000E+01
      2973       991  0.50000000000000E+01
      2976       992  0.50000000000000E+01
      2979       993  0.50000000000000E+01
      2982       994  0.50000000000000E+01
      2985       995  0.50000000000000E+01
      2988       996  0.50000000000000E+01
      2991       997  0.50000000000000E+01
      2994       998  0.50000000000000E+01
      2997       999  0.50000000000000E+01
      3000      1000  0.50000000000000E+01
      3003      1001  0.50000000000000E+01
      3006      1002  0.50000000000000E+01
      3009      1003  0.50000000000000E+01
      3012      1004  0.50000000000000E+01
      3015      1005  0.50000000000000E+01
      3018      1006  0.50000000000000E+01
      3021      1007  0.50000000000000E+01
      3024      1008  0.50000000000000E+01
      3027      1009  0.50000000000000E+01
      3030      1010  0.50000000000000E+01
      3033      1011  0.50000000000000E+01
      3036      1012  0.50000000000000E+01
      3039      1013  0.50000000000000E+01
      3042      1014  0.50000000000000E+01
      3045      1015  0.50000000000000E+01
      3048      1016  0.50000000000000E+01
      3051      1017  0.50000000000000E+01
      3054      1018  0.50000000000000E+01
      3057      1019  0.50000000000000E+01
      3060      1020  0.50000000000000E+01
      3063      1021  0.50000000000000E+01
      3066      1022  0.50000000000000E+01
      3069      1023  0.50000000000000E+01
      3072      1024  0.50000000000000E+01
      3075      1025  0.50000000000000E+01
      3078      1026  0.50000000000000E+01
      3081      1027  0.50000000000000E+01
      3084      1028  0.50000000000000E+01
      3087      1029  0.50000000000000E+01
      3090      1030  0.50000000000000E+01
      3093      1031  0.50000000000000E+01
      3096      1032  0.50000000000000E+01
      3099      1033  0.50000000000000E+01
      3102      1034  0.50000000000000E+01
      3105      1035  0.50000000000000E+01
      3108      1036  0.50000000000000E+01
      3111      1037  0.50000000000000E+01
      3114      1038  0.50000000000000E+01
      3117      1039  0.50000000000000E+01
      3120      1040  0.50000000000000E+01
      3123      1041  0.50000000000000E+01
      3126      1042  0.50000000000000E+01
      3129      1043  0.50000000000000E+01
      3132      1044  0.50000000000000E+01
      3135      1045  0.50000000000000E+01
      3138      1046  0.50000000000000E+01
      3141      1047  0.50000000000000E+01
      3144      1048  0.50000000000000E+01
      3147      1049  0.50000000000000E+01
      3150      1050  0.50000000000000E+01
      3153      1051  0.50000000000000E+01
      3156      1052  0.50000000000000E+01
      3159      1053  0.50000000000000E+01
      3162      1054  0.50000000000000E+01
      3165      1055  0.50000000000000E+01
      3168      1056  0.50000000000000E+01
      3171      1057  0.50000000000000E+01
      3174      1058  0.50000000000000E+01
      3177      1059  0.50000000000000E+01
      3180      1060  0.50000000000000E+01
      3183      1061  0.50000000000000E+01
      3186      1062  0.50000000000000E+01
      3189      1063  0.50000000000000E+01
      3192      1064  0.50000000000000E+01
      3195      1065  0.50000000000000E+01
      3198      1066  0.50000000000000E+01
      3201      1067  0.50000000000000E+01
      3204      1068  0.50000000000000E+01
      3207      1069  0.50000000000000E+01
      3210      1070  0.50000000000000E+01
      3213      1071  0.50000000000000E+01
      3216      1072  0.50000000000000E+01
      3219      1073  0.50000000000000E+01
      3222      1074  0.50000000000000E+01
      3225      1075  0.50000000000000E+01
      3228      1076  0.50000000000000E+01
      3231      1077  0.50000000000000E+01
      3234      1078  0.50000000000000E+01
      3237      1079  0.50000000000000E+01
      3240      1080  0.50000000000000E+01
      3243      1081  0.50000000000000E+01
      3246      1082  0.50000000000000E+01
      3249      1083  0.50000000000000E+01
      3252      1084  0.50000000000000E+01
      3255      1085  0.50000000000000E+01
      3258      1086  0.50000000000000E+01
      3261      1087  0.50000000000000E+01
      3264      1088  0.50000000000000E+01
      3267      1089  0.50000000000000E+01
      3270      1090  0.50000000000000E+01
      3273      1091  0.50000000000000E+01
      3276      1092  0.50000000000000E+01
      3279      1093  0.50000000000000E+01
      3282      1094  0.50000000000000E+01
      3285      1095  0.50000000000000E+01
      3288      1096  0.50000000000000E+01
      3291      1097  0.50000000000000E+01
      3294      1098  0.50000000000000E+01
      3297      1099  0.50000000000000E+01
      3300      1100  0.50000000000000E+01
      3303      1101  0.50000000000000E+01
      3306      1102  0.50000000000000E+01
      3309      1103  0.50000000000000E+01
      3312      1104  0.50000000000000E+01
      3315      1105  0.50000000000000E+01
      3318      1106  0.50000000000000E+01
      3321      1107  0.50000000000000E+01
      3324      1108  0.50000000000000E+01
      3327      1109  0.50000000000000E+01
      3330      1110  0.50000000000000E+01
      3333      1111  0.50000000000000E+01
      3336      1112  0.50000000000000E+01
      3339      1113  0.50000000000000E+01
      3342      1114  0.50000000000000E+01
      3345      1115  0.50000000000000E+01
      3348      1116  0.50000000000000E+01
      3351      1117  0.50000000000000E+01
      3354      1118  0.50000000000000E+01
      3357      1119  0.50000000000000E+01
      3360      1120  0.50000000000000E+01
      3363      1121  0.50000000000000E+01
      3366      1122  0.50000000000000E+01
      3369      1123  0.50000000000000E+01
      3372      1124  0.50000000000000E+01
      3375      1125  0.50000000000000E+01
      3378      1126  0.50000000000000E+01
      3381      1127  0.50000000000000E+01
      3384      1128  0.50000000000000E+01
      3387      1129  0.50000000000000E+01
      3390      1130  0.50000000000000E+01
      3393      1131  0.50000000000000E+01
      3396      1132  0.50000000000000E+01
      3399      1133  0.50000000000000E+01
      3402      1134  0.50000000000000E+01
      3405      1135  0.50000000000000E+01
      3408      1136  0.50000000000000E+01
      3411      1137  0.50000000000000E+01
      3414      1138  0.50000000000000E+01
      3417      1139  0.50000000000000E+01
      3420      1140  0.50000000000000E+01
      3423      1141  0.50000000000000E+01
      3426      1142  0.50000000000000E+01
      3429      1143  0.50000000000000E+01
      3432      1144  0.50000000000000E+01
      3435      1145  0.50000000000000E+01
      3438      1146  0.50000000000000E+01
      3441      1147  0.50000000000000E+01
      3444      1148  0.50000000000000E+01
      3447      1149  0.50000000000000E+01
      3450      1150  0.50000000000000E+01
      3453      1151  0.50000000000000E+01
      3456      1152  0.50000000000000E+01
      3459      1153  0.50000000000000E+01
      3462      1154  0.50000000000000E+01
      3465      1155  0.50000000000000E+01
      3468      1156  0.50000000000000E+01
      3471      1157  0.50000000000000E+01
      3474      1158  0.50000000000000E+01
      3477      1159  0.50000000000000E+01
      3480      1160  0.50000000000000E+01
      3483      1161  0.50000000000000E+01
      3486      1162  0.50000000000000E+01
      3489      1163  0.50000000000000E+01
      3492      1164  0.50000000000000E+01
      3495      1165  0.50000000000000E+01
      3498      1166  0.50000000000000E+01
      3501      1167  0.50000000000000E+01
      3504      1168  0.50000000000000E+01
      3507      1169  0.50000000000000E+01
      3510      1170  0.50000000000000E+01
      3513      1171  0.50000000000000E+01
      3516      1172  0.50000000000000E+01
      3519      1173  0.50000000000000E+01
      3522      1174  0.50000000000000E+01
      3525      1175  0.50000000000000E+01
      3528      1176  0.50000000000000E+01
      3531      1177  0.50000000000000E+01
      3534      1178  0.50000000000000E+01
      3537      1179  0.50000000000000E+01
      3540      1180  0.50000000000000E+01
      3543      1181  0.50000000000000E+01
      3546      1182  0.50000000000000E+01
      3549      1183  0.50000000000000E+01
      3552      1184  0.50000000000000E+01
      3555      1185  0.50000000000000E+01
      3558      1186  0.50000000000000E+01
      3561      1187  0.50000000000000E+01
      3564      1188  0.50000000000000E+01
      3567      1189  0.50000000000000E+01
      3570      1190  0.50000000000000E+01
      3573      1191  0.50000000000000E+01
      3576      1192  0.50000000000000E+01
      3579      1193  0.50000000000000E+01
      3582      1194  0.50000000000000E+01
      3585      1195  0.50000000000000E+01
      3588      1196  0.50000000000000E+01
      3591      1197  0.50000000000000E+01
      3594      1198  0.50000000000000E+01
      3597      1199  0.50000000000000E+01
      3600      1200  0.50000000000000E+01
      3603      1201  0.50000000000000E+01
      3606      1202  0.50000000000000E+01
      3609      1203  0.50000000000000E+01
      3612      1204  0.50000000000000E+01
      3615      1205  0.50000000000000E+01
      3618      1206  0.50000000000000E+01
      3621      1207  0.50000000000000E+01
      3624      1208  0.50000000000000E+01
      3627      1209  0.50000000000000E+01
      3630      1210  0.50000000000000E+01
      3633      1211  0.50000000000000E+01
      3636      1212  0.50000000000000E+01
      3639      1213  0.50000000000000E+01
      3642      1214  0.50000000000000E+01
      3645      1215  0.50000000000000E+01
      3648      1216  0.50000000000000E+01
      3651      1217  0.50000000000000E+01
      3654      1218  0.50000000000000E+01
      3657      1219  0.50000000000000E+01
      3660      1220  0.50000000000000E+01
      3663      1221  0.50000000000000E+01
      3666      1222  0.50000000000000E+01
      3669      1223  0.50000000000000E+01
      3672      1224  0.50000000000000E+01
      3675      1225  0.50000000000000E+01
      3678      1226  0.50000000000000E+01
      3681      1227  0.50000000000000E+01
      3684      1228  0.50000000000000E+01
      3687      1229  0.50000000000000E+01
      3690      1230  0.50000000000000E+01
      3693      1231  0.50000000000000E+01
      3696      1232  0.50000000000000E+01
      3699      1233  0.50000000000000E+01
      3702      1234  0.50000000000000E+01
      3705      1235  0.50000000000000E+01
      3708      1236  0.50000000000000E+01
      3711      1237  0.50000000000000E+01
      3714      1238  0.50000000000000E+01
      3717      1239  0.50000000000000E+01
      3720      1240  0.50000000000000E+01
      3723      1241  0.50000000000000E+01
      3726      1242  0.50000000000000E+01
      3729      1243  0.50000000000000E+01
      3732      1244  0.50000000000000E+01
      3735      1245  0.50000000000000E+01
      3738      1246  0.50000000000000E+01
      3741      1247  0.50000000000000E+01
      3744      1248  0.50000000000000E+01
      3747      1249  0.50000000000000E+01
      3750      1250  0.50000000000000E+01
      3753      1251  0.50000000000000E+01
      3756      1252  0.50000000000000E+01
      3759      1253  0.50000000000000E+01
      3762      1254  0.50000000000000E+01
      3765      1255  0.50000000000000E+01
      3768      1256  0.50000000000000E+01
      3771      1257  0.50000000000000E+01
      3774      1258  0.50000000000000E+01
      3777      1259  0.50000000000000E+01
      3780      1260  0.50000000000000E+01
      3783      1261  0.50000000000000E+01
      3786      1262  0.50000000000000E+01
      3789      1263  0.50000000000000E+01
      3792      1264  0.50000000000000E+01
      3795      1265  0.50000000000000E+01
      3798      1266  0.50000000000000E+01
      3801      1267  0.50000000000000E+01
      3804      1268  0.50000000000000E+01
      3807      1269  0.50000000000000E+01
      3810      1270  0.50000000000000E+01
      3813      1271  0.50000000000000E+01
      3816      1272  0.50000000000000E+01
      3819      1273  0.50000000000000E+01
      3822      1274  0.50000000000000E+01
      3825      1275  0.50000000000000E+01
      3828      1276  0.50000000000000E+01
      3831      1277  0.50000000000000E+01
      3834      1278  0.50000000000000E+01
      3837      1279  0.50000000000000E+01
      3840      1280  0.50000000000000E+01
      3843      1281  0.50000000000000E+01
      3846      1282  0.50000000000000E+01
      3849      1283  0.50000000000000E+01
      3852      1284  0.50000000000000E+01
      3855      1285  0.50000000000000E+01
      3858      1286  0.50000000000000E+01
      3861      1287  0.50000000000000E+01
      3864      1288  0.50000000000000E+01
      3867      1289  0.50000000000000E+01
      3870      1290  0.50000000000000E+01
      3873      1291  0.50000000000000E+01
      3876      1292  0.50000000000000E+01
      3879      1293  0.50000000000000E+01
      3882      1294  0.50000000000000E+01
      3885      1295  0.50000000000000E+01
      3888      1296  0.50000000000000E+01
      3891      1297  0.50000000000000E+01
      3894      1298  0.50000000000000E+01
      3897      1299  0.50000000000000E+01
      3900      1300  0.50000000000000E+01
      3903      1301  0.50000000000000E+01
      3906      1302  0.50000000000000E+01
      3909      1303  0.50000000000000E+01
      3912      1304  0.50000000000000E+01
      3915      1305  0.50000000000000E+01
      3918      1306  0.50000000000000E+01
      3921      1307  0.50000000000000E+01
      3924      1308  0.50000000000000E+01
      3927      1309  0.50000000000000E+01
      3930      1310  0.50000000000000E+01
      3933      1311  0.50000000000000E+01
      3936      1312  0.50000000000000E+01
      3939      1313  0.50000000000000E+01
      3942      1314  0.50000000000000E+01
      3945      1315  0.50000000000000E+01
      3948      1316  0.50000000000000E+01
      3951      1317  0.50000000000000E+01
      3954      1318  0.50000000000000E+01
      3957      1319  0.50000000000000E+01
      3960      1320  0.50000000000000E+01
      3963      1321  0.50000000000000E+01
      3966      1322  0.50000000000000E+01
      3969      1323  0.50000000000000E+01
      3972      1324  0.50000000000000E+01
      3975      1325  0.50000000000000E+01
      3978      1326  0.50000000000000E+01
      3981      1327  0.50000000000000E+01
      3984      1328  0.50000000000000E+01
      3987      1329  0.50000000000000E+01
      3990      1330  0.50000000000000E+01
      3993      1331  0.50000000000000E+01
      3996      1332  0.50000000000000E+01
      3999      1333  0.50000000000000E+01
      4002      1334  0.50000000000000E+01
      4005      1335  0.50000000000000E+01
      4008      1336  0.50000000000000E+01
      4011      1337  0.50000000000000E+01
      4014      1338  0.50000000000000E+01
      4017      1339  0.50000000000000E+01
      4020      1340  0.50000000000000E+01
      4023      1341  0.50000000000000E+01
      4026      1342  0.50000000000000E+01
      4029      1343  0.50000000000000E+01
      4032      1344  0.50000000000000E+01
      4035      1345  0.50000000000000E+01
      4038      1346  0.50000000000000E+01
      4041      1347  0.50000000000000E+01
      4044      1348  0.50000000000000E+01
      4047      1349  0.50000000000000E+01
      4050      1350  0.50000000000000E+01
      4053      1351  0.50000000000000E+01
      4056      1352  0.50000000000000E+01
      4059      1353  0.50000000000000E+01
      4062      1354  0.50000000000000E+01
      4065      1355  0.50000000000000E+01
      4068      1356  0.50000000000000E+01
      4071      1357  0.50000000000000E+01
      4074      1358  0.50000000000000E+01
      4077      1359  0.50000000000000E+01
      4080      1360  0.50000000000000E+01
      4083      1361  0.50000000000000E+01
      4086      1362  0.50000000000000E+01
      4089      1363  0.50000000000000E+01
      4092      1364  0.50000000000000E+01
      4095      1365  0.50000000000000E+01
      4098      1366  0.50000000000000E+01
      4101      1367  0.50000000000000E+01
      4104      1368  0.50000000000000E+01
      4107      1369  0.50000000000000E+01
      4110      1370  0.50000000000000E+01
      4113      1371  0.50000000000000E+01
      4116      1372  0.50000000000000E+01
      4119      1373  0.50000000000000E+01
      4122      1374  0.50000000000000E+01
      4125      1375  0.50000000000000E+01
      4128      1376  0.50000000000000E+01
      4131      1377  0.50000000000000E+01
      4134      1378  0.50000000000000E+01
      4137      1379  0.50000000000000E+01
      4140      1380  0.50000000000000E+01
      4143      1381  0.50000000000000E+01
      4146      1382  0.50000000000000E+01
      4149      1383  0.50000000000000E+01
      4152      1384  0.50000000000000E+01
      4155      1385  0.50000000000000E+01
      4158      1386  0.50000000000000E+01
      4161      1387  0.50000000000000E+01
      4164      1388  0.50000000000000E+01
      4167      1389  0.50000000000000E+01
      4170      1390  0.50000000000000E+01
      4173      1391  0.50000000000000E+01
      4176      1392  0.50000000000000E+01
      4179      1393  0.50000000000000E+01
      4182      1394  0.50000000000000E+01
      4185      1395  0.50000000000000E+01
      4188      1396  0.50000000000000E+01
      4191      1397  0.50000000000000E+01
      4194      1398  0.50000000000000E+01
      4197      1399  0.50000000000000E+01
      4200      1400  0.50000000000000E+01
      4203      1401  0.50000000000000E+01
      4206      1402  0.50000000000000E+01
      4209      1403  0.50000000000000E+01
      4212      1404  0.50000000000000E+01
      4215      1405  0.50000000000000E+01
      4218      1406  0.50000000000000E+01
      4221      1407  0.50000000000000E+01
      4224      1408  0.50000000000000E+01
      4227      1409  0.50000000000000E+01
      4230      1410  0.50000000000000E+01
      4233      1411  0.50000000000000E+01
      4236      1412  0.50000000000000E+01
      4239      1413  0.50000000000000E+01
      4242      1414  0.50000000000000E+01
      4245      1415  0.50000000000000E+01
      4248      1416  0.50000000000000E+01
      4251      1417  0.50000000000000E+01
      4254      1418  0.50000000000000E+01
      4257      1419  0.50000000000000E+01
      4260      1420  0.50000000000000E+01
      4263      1421  0.50000000000000E+01
      4266      1422  0.50000000000000E+01
      4269      1423  0.50000000000000E+01
      4272      1424  0.50000000000000E+01
      4275      1425  0.50000000000000E+01
      4278      1426  0.50000000000000E+01
      4281      1427  0.50000000000000E+01
      4284      1428  0.50000000000000E+01
      4287      1429  0.50000000000000E+01
      4290      1430  0.50000000000000E+01
      4293      1431  0.50000000000000E+01
      4296      1432  0.50000000000000E+01
      4299      1433  0.50000000000000E+01
      4302      1434  0.50000000000000E+01
      4305      1435  0.50000000000000E+01
      4308      1436  0.50000000000000E+01
      4311      1437  0.50000000000000E+01
      4314      1438  0.50000000000000E+01
      4317      1439  0.50000000000000E+01
      4320      1440  0.50000000000000E+01
      4323      1441  0.50000000000000E+01
      4326      1442  0.50000000000000E+01
      4329      1443  0.50000000000000E+01
      4332      1444  0.50000000000000E+01
      4335      1445  0.50000000000000E+01
      4338      1446  0.50000000000000E+01
      4341      1447  0.50000000000000E+01
      4344      1448  0.50000000000000E+01
      4347      1449  0.50000000000000E+01
      4350      1450  0.50000000000000E+01
      4353      1451  0.50000000000000E+01
      4356      1452  0.50000000000000E+01
      4359      1453  0.50000000000000E+01
      4362      1454  0.50000000000000E+01
      4365      1455  0.50000000000000E+01
      4368      1456  0.50000000000000E+01
      4371      1457  0.50000000000000E+01
      4374      1458  0.50000000000000E+01
      4377      1459  0.50000000000000E+01
      4380      1460  0.50000000000000E+01
      4383      1461  0.50000000000000E+01
      4386      1462  0.50000000000000E+01
      4389      1463  0.50000000000000E+01
      4392      1464  0.50000000000000E+01
      4395      1465  0.50000000000000E+01
      4398      1466  0.50000000000000E+01
      4401      1467  0.50000000000000E+01
      4404      1468  0.50000000000000E+01
      4407      1469  0.50000000000000E+01
      4410      1470  0.50000000000000E+01
      4413      1471  0.50000000000000E+01
      4416      1472  0.50000000000000E+01
      4419      1473  0.50000000000000E+01
      4422      1474  0.50000000000000E+01
      4425      1475  0.50000000000000E+01
      4428      1476  0.50000000000000E+01
      4431      1477  0.50000000000000E+01
      4434      1478  0.50000000000000E+01
      4437      1479  0.50000000000000E+01
      4440      1480  0.50000000000000E+01
      4443      1481  0.50000000000000E+01
      4446      1482  0.50000000000000E+01
      4449      1483  0.50000000000000E+01
      4452      1484  0.50000000000000E+01
      4455      1485  0.50000000000000E+01
      4458      1486  0.50000000000000E+01
      4461      1487  0.50000000000000E+01
      4464      1488  0.50000000000000E+01
      4467      1489  0.50000000000000E+01
      4470      1490  0.50000000000000E+01
      4473      1491  0.50000000000000E+01
      4476      1492  0.50000000000000E+01
      4479      1493  0.50000000000000E+01
      4482      1494  0.50000000000000E+01
      4485      1495  0.50000000000000E+01
      4488      1496  0.50000000000000E+01
      4491      1497  0.50000000000000E+01
      4494      1498  0.50000000000000E+01
      4497      1499  0.50000000000000E+01
      4500      1500  0.50000000000000E+01
      4503      1501  0.50000000000000E+01
      4506      1502  0.50000000000000E+01
      4509      1503  0.50000000000000E+01
      4512      1504  0.50000000000000E+01
      4515      1505  0.50000000000000E+01
      4518      1506  0.50000000000000E+01
      4521      1507  0.50000000000000E+01
      4524      1508  0.50000000000000E+01
      4527      1509  0.50000000000000E+01
      4530      1510  0.50000000000000E+01
      4533      1511  0.50000000000000E+01
      4536      1512  0.50000000000000E+01
      4539      1513  0.50000000000000E+01
      4542      1514  0.50000000000000E+01
      4545      1515  0.50000000000000E+01
      4548      1516  0.50000000000000E+01
      4551      1517  0.50000000000000E+01
      4554      1518  0.50000000000000E+01
      4557      1519  0.50000000000000E+01
      4560      1520  0.50000000000000E+01
      4563      1521  0.50000000000000E+01
      4566      1522  0.50000000000000E+01
      4569      1523  0.50000000000000E+01
      4572      1524  0.50000000000000E+01
      4575      1525  0.50000000000000E+01
      4578      1526  0.50000000000000E+01
      4581      1527  0.50000000000000E+01
      4584      1528  0.50000000000000E+01
      4587      1529  0.50000000000000E+01
      4590      1530  0.50000000000000E+01
      4593      1531  0.50000000000000E+01
      4596      1532  0.50000000000000E+01
      4599      1533  0.50000000000000E+01
      4602      1534  0.50000000000000E+01
      4605      1535  0.50000000000000E+01
      4608      1536  0.50000000000000E+01
      4611      1537  0.50000000000000E+01
      4614      1538  0.50000000000000E+01
      4617      1539  0.50000000000000E+01
      4620      1540  0.50000000000000E+01
      4623      1541  0.50000000000000E+01
      4626      1542  0.50000000000000E+01
      4629      1543  0.50000000000000E+01
      4632      1544  0.50000000000000E+01
      4635      1545  0.50000000000000E+01
      4638      1546  0.50000000000000E+01
      4641      1547  0.50000000000000E+01
      4644      1548  0.50000000000000E+01
      4647      1549  0.50000000000000E+01
      4650      1550  0.50000000000000E+01
      4653      1551  0.50000000000000E+01
      4656      1552  0.50000000000000E+01
      4659      1553  0.50000000000000E+01
      4662      1554  0.50000000000000E+01
      4665      1555  0.50000000000000E+01
      4668      1556  0.50000000000000E+01
      4671      1557  0.50000000000000E+01
      4674      1558  0.50000000000000E+01
      4677      1559  0.50000000000000E+01
      4680      1560  0.50000000000000E+01
      4683      1561  0.50000000000000E+01
      4686      1562  0.50000000000000E+01
      4689      1563  0.50000000000000E+01
      4692      1564  0.50000000000000E+01
      4695      1565  0.50000000000000E+01
      4698      1566  0.50000000000000E+01
      4701      1567  0.50000000000000E+01
      4704      1568  0.50000000000000E+01
      4707      1569  0.50000000000000E+01
      4710      1570  0.50000000000000E+01
      4713      1571  0.50000000000000E+01
      4716      1572  0.50000000000000E+01
      4719      1573  0.50000000000000E+01
      4722      1574  0.50000000000000E+01
      4725      1575  0.50000000000000E+01
      4728      1576  0.50000000000000E+01
      4731      1577  0.50000000000000E+01
      4734      1578  0.50000000000000E+01
      4737      1579  0.50000000000000E+01
      4740      1580  0.50000000000000E+01
      4743      1581  0.50000000000000E+01
      4746      1582  0.50000000000000E+01
      4749      1583  0.50000000000000E+01
      4752      1584  0.50000000000000E+01
      4755      1585  0.50000000000000E+01
      4758      1586  0.50000000000000E+01
      4761      1587  0.50000000000000E+01
      4764      1588  0.50000000000000E+01
      4767      1589  0.50000000000000E+01
      4770      1590  0.50000000000000E+01
      4773      1591  0.50000000000000E+01
      4776      1592  0.50000000000000E+01
      4779      1593  0.50000000000000E+01
      4782      1594  0.50000000000000E+01
      4785      1595  0.50000000000000E+01
      4788      1596  0.50000000000000E+01
      4791      1597  0.50000000000000E+01
      4794      1598  0.50000000000000E+01
      4797      1599  0.50000000000000E+01
      4800      1600  0.50000000000000E+01
      4803      1601  0.50000000000000E+01
      4806      1602  0.50000000000000E+01
      4809      1603  0.50000000000000E+01
      4812      1604  0.50000000000000E+01
      4815      1605  0.50000000000000E+01
      4818      1606  0.50000000000000E+01
      4821      1607  0.50000000000000E+01
      4824      1608  0.50000000000000E+01
      4827      1609  0.50000000000000E+01
      4830      1610  0.50000000000000E+01
      4833      1611  0.50000000000000E+01
      4836      1612  0.50000000000000E+01
      4839      1613  0.50000000000000E+01
      4842      1614  0.50000000000000E+01
      4845      1615  0.50000000000000E+01
      4848      1616  0.50000000000000E+01
      4851      1617  0.50000000000000E+01
      4854      1618  0.50000000000000E+01
      4857      1619  0.50000000000000E+01
      4860      1620  0.50000000000000E+01
      4863      1621  0.50000000000000E+01
      4866      1622  0.50000000000000E+01
      4869      1623  0.50000000000000E+01
      4872      1624  0.50000000000000E+01
      4875      1625  0.50000000000000E+01
      4878      1626  0.50000000000000E+01
      4881      1627  0.50000000000000E+01
      4884      1628  0.50000000000000E+01
      4887      1629  0.50000000000000E+01
      4890      1630  0.50000000000000E+01
      4893      1631  0.50000000000000E+01
      4896      1632  0.50000000000000E+01
      4899      1633  0.50000000000000E+01
      4902      1634  0.50000000000000E+01
      4905      1635  0.50000000000000E+01
      4908      1636  0.50000000000000E+01
      4911      1637  0.50000000000000E+01
      4914      1638  0.50000000000000E+01
      4917      1639  0.50000000000000E+01
      4920      1640  0.50000000000000E+01
      4923      1641  0.50000000000000E+01
      4926      1642  0.50000000000000E+01
      4929      1643  0.50000000000000E+01
      4932      1644  0.50000000000000E+01
      4935      1645  0.50000000000000E+01
      4938      1646  0.50000000000000E+01
      4941      1647  0.50000000000000E+01
      4944      1648  0.50000000000000E+01
      4947      1649  0.50000000000000E+01
      4950      1650  0.50000000000000E+01
      4953      1651  0.50000000000000E+01
      4956      1652  0.50000000000000E+01
      4959      1653  0.50000000000000E+01
      4962      1654  0.50000000000000E+01
      4965      1655  0.50000000000000E+01
      4968      1656  0.50000000000000E+01
      4971      1657  0.50000000000000E+01
      4974      1658  0.50000000000000E+01
      4977      1659  0.50000000000000E+01
      4980      1660  0.50000000000000E+01
      4983      1661  0.50000000000000E+01
      4986      1662  0.50000000000000E+01
      4989      1663  0.50000000000000E+01
      4992      1664  0.50000000000000E+01
      4995      1665  0.50000000000000E+01
      4998      1666  0.50000000000000E+01
      5001      1667  0.50000000000000E+01
      5004      1668  0.50000000000000E+01
      5007      1669  0.50000000000000E+01
      5010      1670  0.50000000000000E+01
      5013      1671  0.50000000000000E+01
      5016      1672  0.50000000000000E+01
      5019      1673  0.50000000000000E+01
      5022      1674  0.50000000000000E+01
      5025      1675  0.50000000000000E+01
      5028      1676  0.50000000000000E+01
      5031      1677  0.50000000000000E+01
      5034      1678  0.50000000000000E+01
      5037      1679  0.50000000000000E+01
      5040      1680  0.50000000000000E+01
      5043      1681  0.50000000000000E+01
      5046      1682  0.50000000000000E+01
      5049      1683  0.50000000000000E+01
      5052      1684  0.50000000000000E+01
      5055      1685  0.50000000000000E+01
      5058      1686  0.50000000000000E+01
      5061      1687  0.50000000000000E+01
      5064      1688  0.50000000000000E+01
      5067      1689  0.50000000000000E+01
      5070      1690  0.50000000000000E+01
      5073      1691  0.50000000000000E+01
      5076      1692  0.50000000000000E+01
      5079      1693  0.50000000000000E+01
      5082      1694  0.50000000000000E+01
      5085      1695  0.50000000000000E+01
      5088      1696  0.50000000000000E+01
      5091      1697  0.50000000000000E+01
      5094      1698  0.50000000000000E+01
      5097      1699  0.50000000000000E+01
      5100      1700  0.50000000000000E+01
      5103      1701  0.50000000000000E+01
      5106      1702  0.50000000000000E+01
      5109      1703  0.50000000000000E+01
      5112      1704  0.50000000000000E+01
      5115      1705  0.50000000000000E+01
      5118      1706  0.50000000000000E+01
      5121      1707  0.50000000000000E+01
      5124      1708  0.50000000000000E+01
      5127      1709  0.50000000000000E+01
      5130      1710  0.50000000000000E+01
      5133      1711  0.50000000000000E+01
      5136      1712  0.50000000000000E+01
      5139      1713  0.50000000000000E+01
      5142      1714  0.50000000000000E+01
      5145      1715  0.50000000000000E+01
      5148      1716  0.50000000000000E+01
      5151      1717  0.50000000000000E+01
      5154      1718  0.50000000000000E+01
      5157      1719  0.50000000000000E+01
      5160      1720  0.50000000000000E+01
      5163      1721  0.50000000000000E+01
      5166      1722  0.50000000000000E+01
      5169      1723  0.50000000000000E+01
      5172      1724  0.50000000000000E+01
      5175      1725  0.50000000000000E+01
      5178      1726  0.50000000000000E+01
      5181      1727  0.50000000000000E+01
      5184      1728  0.50000000000000E+01
      5187      1729  0.50000000000000E+01
      5190      1730  0.50000000000000E+01
      5193      1731  0.50000000000000E+01
      5196      1732  0.50000000000000E+01
      5199      1733  0.50000000000000E+01
      5202      1734  0.50000000000000E+01
      5205      1735  0.50000000000000E+01
      5208      1736  0.50000000000000E+01
      5211      1737  0.50000000000000E+01
      5214      1738  0.50000000000000E+01
      5217      1739  0.50000000000000E+01
      5220      1740  0.50000000000000E+01
      5223      1741  0.50000000000000E+01
      5226      1742  0.50000000000000E+01
      5229      1743  0.50000000000000E+01
      5232      1744  0.50000000000000E+01
      5235      1745  0.50000000000000E+01
      5238      1746  0.50000000000000E+01
      5241      1747  0.50000000000000E+01
      5244      1748  0.50000000000000E+01
      5247      1749  0.50000000000000E+01
      5250      1750  0.50000000000000E+01
      5253      1751  0.50000000000000E+01
      5256      1752  0.50000000000000E+01
      5259      1753  0.50000000000000E+01
      5262      1754  0.50000000000000E+01
      5265      1755  0.50000000000000E+01
      5268      1756  0.50000000000000E+01
      5271      1757  0.50000000000000E+01
      5274      1758  0.50000000000000E+01
      5277      1759  0.50000000000000E+01
      5280      1760  0.50000000000000E+01
      5283      1761  0.50000000000000E+01
      5286      1762  0.50000000000000E+01
      5289      1763  0.50000000000000E+01
      5292      1764  0.50000000000000E+01
      5295      1765  0.50000000000000E+01
      5298      1766  0.50000000000000E+01
      5301      1767  0.50000000000000E+01
      5304      1768  0.50000000000000E+01
      5307      1769  0.50000000000000E+01
      5310      1770  0.50000000000000E+01
      5313      1771  0.50000000000000E+01
      5316      1772  0.50000000000000E+01
      5319      1773  0.50000000000000E+01
      5322      1774  0.50000000000000E+01
      5325      1775  0.50000000000000E+01
      5328      1776  0.50000000000000E+01
      5331      1777  0.50000000000000E+01
      5334      1778  0.50000000000000E+01
      5337      1779  0.50000000000000E+01
      5340      1780  0.50000000000000E+01
      5343      1781  0.50000000000000E+01
      5346      1782  0.50000000000000E+01
      5349      1783  0.50000000000000E+01
      5352      1784  0.50000000000000E+01
      5355      1785  0.50000000000000E+01
      5358      1786  0.50000000000000E+01
      5361      1787  0.50000000000000E+01
      5364      1788  0.50000000000000E+01
      5367      1789  0.50000000000000E+01
      5370      1790  0.50000000000000E+01
      5373      1791  0.50000000000000E+01
      5376      1792  0.50000000000000E+01
      5379      1793  0.50000000000000E+01
      5382      1794  0.50000000000000E+01
      5385      1795  0.50000000000000E+01
      5388      1796  0.50000000000000E+01
      5391      1797  0.50000000000000E+01
      5394      1798  0.50000000000000E+01
      5397      1799  0.50000000000000E+01
      5400      1800  0.50000000000000E+01
      5403      1801  0.50000000000000E+01
      5406      1802  0.50000000000000E+01
      5409      1803  0.50000000000000E+01
      5412      1804  0.50000000000000E+01
      5415      1805  0.50000000000000E+01
      5418      1806  0.50000000000000E+01
      5421      1807  0.50000000000000E+01
      5424      1808  0.50000000000000E+01
      5427      1809  0.50000000000000E+01
      5430      1810  0.50000000000000E+01
      5433      1811  0.50000000000000E+01
      5436      1812  0.50000000000000E+01
      5439      1813  0.50000000000000E+01
      5442      1814  0.50000000000000E+01
      5445      1815  0.50000000000000E+01
      5448      1816  0.50000000000000E+01
      5451      1817  0.50000000000000E+01
      5454      1818  0.50000000000000E+01
      5457      1819  0.50000000000000E+01
      5460      1820  0.50000000000000E+01
      5463      1821  0.50000000000000E+01
      5466      1822  0.50000000000000E+01
      5469      1823  0.50000000000000E+01
      5472      1824  0.50000000000000E+01
      5475      1825  0.50000000000000E+01
      5478      1826  0.50000000000000E+01
      5481      1827  0.50000000000000E+01
      5484      1828  0.50000000000000E+01
      5487      1829  0.50000000000000E+01
      5490      1830  0.50000000000000E+01
      5493      1831  0.50000000000000E+01
      5496      1832  0.50000000000000E+01
      5499      1833  0.50000000000000E+01
      5502      1834  0.50000000000000E+01
      5505      1835  0.50000000000000E+01
      5508      1836  0.50000000000000E+01
      5511      1837  0.50000000000000E+01
      5514      1838  0.50000000000000E+01
      5517      1839  0.50000000000000E+01
      5520      1840  0.50000000000000E+01
      5523      1841  0.50000000000000E+01
      5526      1842  0.50000000000000E+01
      5529      1843  0.50000000000000E+01
      5532      1844  0.50000000000000E+01
      5535      1845  0.50000000000000E+01
      5538      1846  0.50000000000000E+01
      5541      1847  0.50000000000000E+01
      5544      1848  0.50000000000000E+01
      5547      1849  0.50000000000000E+01
      5550      1850  0.50000000000000E+01
      5553      1851  0.50000000000000E+01
      5556      1852  0.50000000000000E+01
      5559      1853  0.50000000000000E+01
      5562      1854  0.50000000000000E+01
      5565      1855  0.50000000000000E+01
      5568      1856  0.50000000000000E+01
      5571      1857  0.50000000000000E+01
      5574      1858  0.50000000000000E+01
      5577      1859  0.50000000000000E+01
      5580      1860  0.50000000000000E+01
      5583      1861  0.50000000000000E+01
      5586      1862  0.50000000000000E+01
      5589      1863  0.50000000000000E+01
      5592      1864  0.50000000000000E+01
      5595      1865  0.50000000000000E+01
      5598      1866  0.50000000000000E+01
      5601      1867  0.50000000000000E+01
      5604      1868  0.50000000000000E+01
      5607      1869  0.50000000000000E+01
      5610      1870  0.50000000000000E+01
      5613      1871  0.50000000000000E+01
      5616      1872  0.50000000000000E+01
      5619      1873  0.50000000000000E+01
      5622      1874  0.50000000000000E+01
      5625      1875  0.50000000000000E+01
      5628      1876  0.50000000000000E+01
      5631      1877  0.50000000000000E+01
      5634      1878  0.50000000000000E+01
      5637      1879  0.50000000000000E+01
      5640      1880  0.50000000000000E+01
      5643      1881  0.50000000000000E+01
      5646      1882  0.50000000000000E+01
      5649      1883  0.50000000000000E+01
      5652      1884  0.50000000000000E+01
      5655      1885  0.50000000000000E+01
      5658      1886  0.50000000000000E+01
      5661      1887  0.50000000000000E+01
      5664      1888  0.50000000000000E+01
      5667      1889  0.50000000000000E+01
      5670      1890  0.50000000000000E+01
      5673      1891  0.50000000000000E+01
      5676      1892  0.50000000000000E+01
      5679      1893  0.50000000000000E+01
      5682      1894  0.50000000000000E+01
      5685      1895  0.50000000000000E+01
      5688      1896  0.50000000000000E+01
      5691      1897  0.50000000000000E+01
      5694      1898  0.50000000000000E+01
      5697      1899  0.50000000000000E+01
      5700      1900  0.50000000000000E+01
      5703      1901  0.50000000000000E+01
      5706      1902  0.50000000000000E+01
      5709      1903  0.50000000000000E+01
      5712      1904  0.50000000000000E+01
      5715      1905  0.50000000000000E+01
      5718      1906  0.50000000000000E+01
      5721      1907  0.50000000000000E+01
      5724      1908  0.50000000000000E+01
      5727      1909  0.50000000000000E+01
      5730      1910  0.50000000000000E+01
      5733      1911  0.50000000000000E+01
      5736      1912  0.50000000000000E+01
      5739      1913  0.50000000000000E+01
      5742      1914  0.50000000000000E+01
      5745      1915  0.50000000000000E+01
      5748      1916  0.50000000000000E+01
      5751      1917  0.50000000000000E+01
      5754      1918  0.50000000000000E+01
      5757      1919  0.50000000000000E+01
      5760      1920  0.50000000000000E+01
      5763      1921  0.50000000000000E+01
      5766      1922  0.50000000000000E+01
      5769      1923  0.50000000000000E+01
      5772      1924  0.50000000000000E+01
      5775      1925  0.50000000000000E+01
      5778      1926  0.50000000000000E+01
      5781      1927  0.50000000000000E+01
      5784      1928  0.50000000000000E+01
      5787      1929  0.50000000000000E+01
      5790      1930  0.50000000000000E+01
      5793      1931  0.50000000000000E+01
      5796      1932  0.50000000000000E+01
      5799      1933  0.50000000000000E+01
      5802      1934  0.50000000000000E+01
      5805      1935  0.50000000000000E+01
      5808      1936  0.50000000000000E+01
      5811      1937  0.50000000000000E+01
      5814      1938  0.50000000000000E+01
      5817      1939  0.50000000000000E+01
      5820      1940  0.50000000000000E+01
      5823      1941  0.50000000000000E+01
      5826      1942  0.50000000000000E+01
      5829      1943  0.50000000000000E+01
      5832      1944  0.50000000000000E+01
      5835      1945  0.50000000000000E+01
      5838      1946  0.50000000000000E+01
      5841      1947  0.50000000000000E+01
      5844      1948  0.50000000000000E+01
      5847      1949  0.50000000000000E+01
      5850      1950  0.50000000000000E+01
      5853      1951  0.50000000000000E+01
      5856      1952  0.50000000000000E+01
      5859      1953  0.50000000000000E+01
      5862      1954  0.50000000000000E+01
      5865      1955  0.50000000000000E+01
      5868      1956  0.50000000000000E+01
      5871      1957  0.50000000000000E+01
      5874      1958  0.50000000000000E+01
      5877      1959  0.50000000000000E+01
      5880      1960  0.50000000000000E+01
      5883      1961  0.50000000000000E+01
      5886      1962  0.50000000000000E+01
      5889      1963  0.50000000000000E+01
      5892      1964  0.50000000000000E+01
      5895      1965  0.50000000000000E+01
      5898      1966  0.50000000000000E+01
      5901      1967  0.50000000000000E+01
      5904      1968  0.50000000000000E+01
      5907      1969  0.50000000000000E+01
      5910      1970  0.50000000000000E+01
      5913      1971  0.50000000000000E+01
      5916      1972  0.50000000000000E+01
      5919      1973  0.50000000000000E+01
      5922      1974  0.50000000000000E+01
      5925      1975  0.50000000000000E+01
      5928      1976  0.50000000000000E+01
      5931      1977  0.50000000000000E+01
      5934      1978  0.50000000000000E+01
      5937      1979  0.50000000000000E+01
      5940      1980  0.50000000000000E+01
      5943      1981  0.50000000000000E+01
      5946      1982  0.50000000000000E+01
      5949      1983  0.50000000000000E+01
      5952      1984  0.50000000000000E+01
      5955      1985  0.50000000000000E+01
      5958      1986  0.50000000000000E+01
      5961      1987  0.50000000000000E+01
      5964      1988  0.50000000000000E+01
      5967      1989  0.50000000000000E+01
      5970      1990  0.50000000000000E+01
      5973      1991  0.50000000000000E+01
      5976      1992  0.50000000000000E+01
      5979      1993  0.50000000000000E+01
      5982      1994  0.50000000000000E+01
      5985      1995  0.50000000000000E+01
      5988      1996  0.50000000000000E+01
      5991      1997  0.50000000000000E+01
      5994      1998  0.50000000000000E+01
      5997      1999  0.50000000000000E+01
      6000      2000  0.50000000000000E+01
