         4         1  0.50000000000000E+01
         8         2  0.50000000000000E+01
        12         3  0.50000000000000E+01
        16         4  0.50000000000000E+01
        20         5  0.50000000000000E+01
        24         6  0.50000000000000E+01
        28         7  0.50000000000000E+01
        32         8  0.50000000000000E+01
        36         9  0.50000000000000E+01
        40        10  0.50000000000000E+01
        44        11  0.50000000000000E+01
        48        12  0.50000000000000E+01
        52        13  0.50000000000000E+01
        56        14  0.50000000000000E+01
        60        15  0.50000000000000E+01
        64        16  0.50000000000000E+01
        68        17  0.50000000000000E+01
        72        18  0.50000000000000E+01
        76        19  0.50000000000000E+01
        80        20  0.50000000000000E+01
        84        21  0.50000000000000E+01
        88        22  0.50000000000000E+01
        92        23  0.50000000000000E+01
        96        24  0.50000000000000E+01
       100        25  0.50000000000000E+01
       104        26  0.50000000000000E+01
       108        27  0.50000000000000E+01
       112        28  0.50000000000000E+01
       116        29  0.50000000000000E+01
       120        30  0.50000000000000E+01
       124        31  0.50000000000000E+01
       128        32  0.50000000000000E+01
       132        33  0.50000000000000E+01
       136        34  0.50000000000000E+01
       140        35  0.50000000000000E+01
       144        36  0.50000000000000E+01
       148        37  0.50000000000000E+01
       152        38  0.50000000000000E+01
       156        39  0.50000000000000E+01
       160        40  0.50000000000000E+01
       164        41  0.50000000000000E+01
       168        42  0.50000000000000E+01
       172        43  0.50000000000000E+01
       176        44  0.50000000000000E+01
       180        45  0.50000000000000E+01
       184        46  0.50000000000000E+01
       188        47  0.50000000000000E+01
       192        48  0.50000000000000E+01
       196        49  0.50000000000000E+01
       200        50  0.50000000000000E+01
       204        51  0.50000000000000E+01
       208        52  0.50000000000000E+01
       212        53  0.50000000000000E+01
       216        54  0.50000000000000E+01
       220        55  0.50000000000000E+01
       224        56  0.50000000000000E+01
       228        57  0.50000000000000E+01
       232        58  0.50000000000000E+01
       236        59  0.50000000000000E+01
       240        60  0.50000000000000E+01
       244        61  0.50000000000000E+01
       248        62  0.50000000000000E+01
       252        63  0.50000000000000E+01
       256        64  0.50000000000000E+01
       260        65  0.50000000000000E+01
       264        66  0.50000000000000E+01
       268        67  0.50000000000000E+01
       272        68  0.50000000000000E+01
       276        69  0.50000000000000E+01
       280        70  0.50000000000000E+01
       284        71  0.50000000000000E+01
       288        72  0.50000000000000E+01
       292        73  0.50000000000000E+01
       296        74  0.50000000000000E+01
       300        75  0.50000000000000E+01
       304        76  0.50000000000000E+01
       308        77  0.50000000000000E+01
       312        78  0.50000000000000E+01
       316        79  0.50000000000000E+01
       320        80  0.50000000000000E+01
       324        81  0.50000000000000E+01
       328        82  0.50000000000000E+01
       332        83  0.50000000000000E+01
       336        84  0.50000000000000E+01
       340        85  0.50000000000000E+01
       344        86  0.50000000000000E+01
       348        87  0.50000000000000E+01
       352        88  0.50000000000000E+01
       356        89  0.50000000000000E+01
       360        90  0.50000000000000E+01
       364        91  0.50000000000000E+01
       368        92  0.50000000000000E+01
       372        93  0.50000000000000E+01
       376        94  0.50000000000000E+01
       380        95  0.50000000000000E+01
       384        96  0.50000000000000E+01
       388        97  0.50000000000000E+01
       392        98  0.50000000000000E+01
       396        99  0.50000000000000E+01
       400       100  0.50000000000000E+01
       404       101  0.50000000000000E+01
       408       102  0.50000000000000E+01
       412       103  0.50000000000000E+01
       416       104  0.50000000000000E+01
       420       105  0.50000000000000E+01
       424       106  0.50000000000000E+01
       428       107  0.50000000000000E+01
       432       108  0.50000000000000E+01
       436       109  0.50000000000000E+01
       440       110  0.50000000000000E+01
       444       111  0.50000000000000E+01
       448       112  0.50000000000000E+01
       452       113  0.50000000000000E+01
       456       114  0.50000000000000E+01
       460       115  0.50000000000000E+01
       464       116  0.50000000000000E+01
       468       117  0.50000000000000E+01
       472       118  0.50000000000000E+01
       476       119  0.50000000000000E+01
       480       120  0.50000000000000E+01
       484       121  0.50000000000000E+01
       488       122  0.50000000000000E+01
       492       123  0.50000000000000E+01
       496       124  0.50000000000000E+01
       500       125  0.50000000000000E+01
       504       126  0.50000000000000E+01
       508       127  0.50000000000000E+01
       512       128  0.50000000000000E+01
       516       129  0.50000000000000E+01
       520       130  0.50000000000000E+01
       524       131  0.50000000000000E+01
       528       132  0.50000000000000E+01
       532       133  0.50000000000000E+01
       536       134  0.50000000000000E+01
       540       135  0.50000000000000E+01
       544       136  0.50000000000000E+01
       548       137  0.50000000000000E+01
       552       138  0.50000000000000E+01
       556       139  0.50000000000000E+01
       560       140  0.50000000000000E+01
       564       141  0.50000000000000E+01
       568       142  0.50000000000000E+01
       572       143  0.50000000000000E+01
       576       144  0.50000000000000E+01
       580       145  0.50000000000000E+01
       584       146  0.50000000000000E+01
       588       147  0.50000000000000E+01
       592       148  0.50000000000000E+01
       596       149  0.50000000000000E+01
       600       150  0.50000000000000E+01
       604       151  0.50000000000000E+01
       608       152  0.50000000000000E+01
       612       153  0.50000000000000E+01
       616       154  0.50000000000000E+01
       620       155  0.50000000000000E+01
       624       156  0.50000000000000E+01
       628       157  0.50000000000000E+01
       632       158  0.50000000000000E+01
       636       159  0.50000000000000E+01
       640       160  0.50000000000000E+01
       644       161  0.50000000000000E+01
       648       162  0.50000000000000E+01
       652       163  0.50000000000000E+01
       656       164  0.50000000000000E+01
       660       165  0.50000000000000E+01
       664       166  0.50000000000000E+01
       668       167  0.50000000000000E+01
       672       168  0.50000000000000E+01
       676       169  0.50000000000000E+01
       680       170  0.50000000000000E+01
       684       171  0.50000000000000E+01
       688       172  0.50000000000000E+01
       692       173  0.50000000000000E+01
       696       174  0.50000000000000E+01
       700       175  0.50000000000000E+01
       704       176  0.50000000000000E+01
       708       177  0.50000000000000E+01
       712       178  0.50000000000000E+01
       716       179  0.50000000000000E+01
       720       180  0.50000000000000E+01
       724       181  0.50000000000000E+01
       728       182  0.50000000000000E+01
       732       183  0.50000000000000E+01
       736       184  0.50000000000000E+01
       740       185  0.50000000000000E+01
       744       186  0.50000000000000E+01
       748       187  0.50000000000000E+01
       752       188  0.50000000000000E+01
       756       189  0.50000000000000E+01
       760       190  0.50000000000000E+01
       764       191  0.50000000000000E+01
       768       192  0.50000000000000E+01
       772       193  0.50000000000000E+01
       776       194  0.50000000000000E+01
       780       195  0.50000000000000E+01
       784       196  0.50000000000000E+01
       788       197  0.50000000000000E+01
       792       198  0.50000000000000E+01
       796       199  0.50000000000000E+01
       800       200  0.50000000000000E+01
       804       201  0.50000000000000E+01
       808       202  0.50000000000000E+01
       812       203  0.50000000000000E+01
       816       204  0.50000000000000E+01
       820       205  0.50000000000000E+01
       824       206  0.50000000000000E+01
       828       207  0.50000000000000E+01
       832       208  0.50000000000000E+01
       836       209  0.50000000000000E+01
       840       210  0.50000000000000E+01
       844       211  0.50000000000000E+01
       848       212  0.50000000000000E+01
       852       213  0.50000000000000E+01
       856       214  0.50000000000000E+01
       860       215  0.50000000000000E+01
       864       216  0.50000000000000E+01
       868       217  0.50000000000000E+01
       872       218  0.50000000000000E+01
       876       219  0.50000000000000E+01
       880       220  0.50000000000000E+01
       884       221  0.50000000000000E+01
       888       222  0.50000000000000E+01
       892       223  0.50000000000000E+01
       896       224  0.50000000000000E+01
       900       225  0.50000000000000E+01
       904       226  0.50000000000000E+01
       908       227  0.50000000000000E+01
       912       228  0.50000000000000E+01
       916       229  0.50000000000000E+01
       920       230  0.50000000000000E+01
       924       231  0.50000000000000E+01
       928       232  0.50000000000000E+01
       932       233  0.50000000000000E+01
       936       234  0.50000000000000E+01
       940       235  0.50000000000000E+01
       944       236  0.50000000000000E+01
       948       237  0.50000000000000E+01
       952       238  0.50000000000000E+01
       956       239  0.50000000000000E+01
       960       240  0.50000000000000E+01
       964       241  0.50000000000000E+01
       968       242  0.50000000000000E+01
       972       243  0.50000000000000E+01
       976       244  0.50000000000000E+01
       980       245  0.50000000000000E+01
       984       246  0.50000000000000E+01
       988       247  0.50000000000000E+01
       992       248  0.50000000000000E+01
       996       249  0.50000000000000E+01
      1000       250  0.50000000000000E+01
      1004       251  0.50000000000000E+01
      1008       252  0.50000000000000E+01
      1012       253  0.50000000000000E+01
      1016       254  0.50000000000000E+01
      1020       255  0.50000000000000E+01
      1024       256  0.50000000000000E+01
      1028       257  0.50000000000000E+01
      1032       258  0.50000000000000E+01
      1036       259  0.50000000000000E+01
      1040       260  0.50000000000000E+01
      1044       261  0.50000000000000E+01
      1048       262  0.50000000000000E+01
      1052       263  0.50000000000000E+01
      1056       264  0.50000000000000E+01
      1060       265  0.50000000000000E+01
      1064       266  0.50000000000000E+01
      1068       267  0.50000000000000E+01
      1072       268  0.50000000000000E+01
      1076       269  0.50000000000000E+01
      1080       270  0.50000000000000E+01
      1084       271  0.50000000000000E+01
      1088       272  0.50000000000000E+01
      1092       273  0.50000000000000E+01
      1096       274  0.50000000000000E+01
      1100       275  0.50000000000000E+01
      1104       276  0.50000000000000E+01
      1108       277  0.50000000000000E+01
      1112       278  0.50000000000000E+01
      1116       279  0.50000000000000E+01
      1120       280  0.50000000000000E+01
      1124       281  0.50000000000000E+01
      1128       282  0.50000000000000E+01
      1132       283  0.50000000000000E+01
      1136       284  0.50000000000000E+01
      1140       285  0.50000000000000E+01
      1144       286  0.50000000000000E+01
      1148       287  0.50000000000000E+01
      1152       288  0.50000000000000E+01
      1156       289  0.50000000000000E+01
      1160       290  0.50000000000000E+01
      1164       291  0.50000000000000E+01
      1168       292  0.50000000000000E+01
      1172       293  0.50000000000000E+01
      1176       294  0.50000000000000E+01
      1180       295  0.50000000000000E+01
      1184       296  0.50000000000000E+01
      1188       297  0.50000000000000E+01
      1192       298  0.50000000000000E+01
      1196       299  0.50000000000000E+01
      1200       300  0.50000000000000E+01
      1204       301  0.50000000000000E+01
      1208       302  0.50000000000000E+01
      1212       303  0.50000000000000E+01
      1216       304  0.50000000000000E+01
      1220       305  0.50000000000000E+01
      1224       306  0.50000000000000E+01
      1228       307  0.50000000000000E+01
      1232       308  0.50000000000000E+01
      1236       309  0.50000000000000E+01
      1240       310  0.50000000000000E+01
      1244       311  0.50000000000000E+01
      1248       312  0.50000000000000E+01
      1252       313  0.50000000000000E+01
      1256       314  0.50000000000000E+01
      1260       315  0.50000000000000E+01
      1264       316  0.50000000000000E+01
      1268       317  0.50000000000000E+01
      1272       318  0.50000000000000E+01
      1276       319  0.50000000000000E+01
      1280       320  0.50000000000000E+01
      1284       321  0.50000000000000E+01
      1288       322  0.50000000000000E+01
      1292       323  0.50000000000000E+01
      1296       324  0.50000000000000E+01
      1300       325  0.50000000000000E+01
      1304       326  0.50000000000000E+01
      1308       327  0.50000000000000E+01
      1312       328  0.50000000000000E+01
      1316       329  0.50000000000000E+01
      1320       330  0.50000000000000E+01
      1324       331  0.50000000000000E+01
      1328       332  0.50000000000000E+01
      1332       333  0.50000000000000E+01
      1336       334  0.50000000000000E+01
      1340       335  0.50000000000000E+01
      1344       336  0.50000000000000E+01
      1348       337  0.50000000000000E+01
      1352       338  0.50000000000000E+01
      1356       339  0.50000000000000E+01
      1360       340  0.50000000000000E+01
      1364       341  0.50000000000000E+01
      1368       342  0.50000000000000E+01
      1372       343  0.50000000000000E+01
      1376       344  0.50000000000000E+01
      1380       345  0.50000000000000E+01
      1384       346  0.50000000000000E+01
      1388       347  0.50000000000000E+01
      1392       348  0.50000000000000E+01
      1396       349  0.50000000000000E+01
      1400       350  0.50000000000000E+01
      1404       351  0.50000000000000E+01
      1408       352  0.50000000000000E+01
      1412       353  0.50000000000000E+01
      1416       354  0.50000000000000E+01
      1420       355  0.50000000000000E+01
      1424       356  0.50000000000000E+01
      1428       357  0.50000000000000E+01
      1432       358  0.50000000000000E+01
      1436       359  0.50000000000000E+01
      1440       360  0.50000000000000E+01
      1444       361  0.50000000000000E+01
      1448       362  0.50000000000000E+01
      1452       363  0.50000000000000E+01
      1456       364  0.50000000000000E+01
      1460       365  0.50000000000000E+01
      1464       366  0.50000000000000E+01
      1468       367  0.50000000000000E+01
      1472       368  0.50000000000000E+01
      1476       369  0.50000000000000E+01
      1480       370  0.50000000000000E+01
      1484       371  0.50000000000000E+01
      1488       372  0.50000000000000E+01
      1492       373  0.50000000000000E+01
      1496       374  0.50000000000000E+01
      1500       375  0.50000000000000E+01
      1504       376  0.50000000000000E+01
      1508       377  0.50000000000000E+01
      1512       378  0.50000000000000E+01
      1516       379  0.50000000000000E+01
      1520       380  0.50000000000000E+01
      1524       381  0.50000000000000E+01
      1528       382  0.50000000000000E+01
      1532       383  0.50000000000000E+01
      1536       384  0.50000000000000E+01
      1540       385  0.50000000000000E+01
      1544       386  0.50000000000000E+01
      1548       387  0.50000000000000E+01
      1552       388  0.50000000000000E+01
      1556       389  0.50000000000000E+01
      1560       390  0.50000000000000E+01
      1564       391  0.50000000000000E+01
      1568       392  0.50000000000000E+01
      1572       393  0.50000000000000E+01
      1576       394  0.50000000000000E+01
      1580       395  0.50000000000000E+01
      1584       396  0.50000000000000E+01
      1588       397  0.50000000000000E+01
      1592       398  0.50000000000000E+01
      1596       399  0.50000000000000E+01
      1600       400  0.50000000000000E+01
      1604       401  0.50000000000000E+01
      1608       402  0.50000000000000E+01
      1612       403  0.50000000000000E+01
      1616       404  0.50000000000000E+01
      1620       405  0.50000000000000E+01
      1624       406  0.50000000000000E+01
      1628       407  0.50000000000000E+01
      1632       408  0.50000000000000E+01
      1636       409  0.50000000000000E+01
      1640       410  0.50000000000000E+01
      1644       411  0.50000000000000E+01
      1648       412  0.50000000000000E+01
      1652       413  0.50000000000000E+01
      1656       414  0.50000000000000E+01
      1660       415  0.50000000000000E+01
      1664       416  0.50000000000000E+01
      1668       417  0.50000000000000E+01
      1672       418  0.50000000000000E+01
      1676       419  0.50000000000000E+01
      1680       420  0.50000000000000E+01
      1684       421  0.50000000000000E+01
      1688       422  0.50000000000000E+01
      1692       423  0.50000000000000E+01
      1696       424  0.50000000000000E+01
      1700       425  0.50000000000000E+01
      1704       426  0.50000000000000E+01
      1708       427  0.50000000000000E+01
      1712       428  0.50000000000000E+01
      1716       429  0.50000000000000E+01
      1720       430  0.50000000000000E+01
      1724       431  0.50000000000000E+01
      1728       432  0.50000000000000E+01
      1732       433  0.50000000000000E+01
      1736       434  0.50000000000000E+01
      1740       435  0.50000000000000E+01
      1744       436  0.50000000000000E+01
      1748       437  0.50000000000000E+01
      1752       438  0.50000000000000E+01
      1756       439  0.50000000000000E+01
      1760       440  0.50000000000000E+01
      1764       441  0.50000000000000E+01
      1768       442  0.50000000000000E+01
      1772       443  0.50000000000000E+01
      1776       444  0.50000000000000E+01
      1780       445  0.50000000000000E+01
      1784       446  0.50000000000000E+01
      1788       447  0.50000000000000E+01
      1792       448  0.50000000000000E+01
      1796       449  0.50000000000000E+01
      1800       450  0.50000000000000E+01
      1804       451  0.50000000000000E+01
      1808       452  0.50000000000000E+01
      1812       453  0.50000000000000E+01
      1816       454  0.50000000000000E+01
      1820       455  0.50000000000000E+01
      1824       456  0.50000000000000E+01
      1828       457  0.50000000000000E+01
      1832       458  0.50000000000000E+01
      1836       459  0.50000000000000E+01
      1840       460  0.50000000000000E+01
      1844       461  0.50000000000000E+01
      1848       462  0.50000000000000E+01
      1852       463  0.50000000000000E+01
      1856       464  0.50000000000000E+01
      1860       465  0.50000000000000E+01
      1864       466  0.50000000000000E+01
      1868       467  0.50000000000000E+01
      1872       468  0.50000000000000E+01
      1876       469  0.50000000000000E+01
      1880       470  0.50000000000000E+01
      1884       471  0.50000000000000E+01
      1888       472  0.50000000000000E+01
      1892       473  0.50000000000000E+01
      1896       474  0.50000000000000E+01
      1900       475  0.50000000000000E+01
      1904       476  0.50000000000000E+01
      1908       477  0.50000000000000E+01
      1912       478  0.50000000000000E+01
      1916       479  0.50000000000000E+01
      1920       480  0.50000000000000E+01
      1924       481  0.50000000000000E+01
      1928       482  0.50000000000000E+01
      1932       483  0.50000000000000E+01
      1936       484  0.50000000000000E+01
      1940       485  0.50000000000000E+01
      1944       486  0.50000000000000E+01
      1948       487  0.50000000000000E+01
      1952       488  0.50000000000000E+01
      1956       489  0.50000000000000E+01
      1960       490  0.50000000000000E+01
      1964       491  0.50000000000000E+01
      1968       492  0.50000000000000E+01
      1972       493  0.50000000000000E+01
      1976       494  0.50000000000000E+01
      1980       495  0.50000000000000E+01
      1984       496  0.50000000000000E+01
      1988       497  0.50000000000000E+01
      1992       498  0.50000000000000E+01
      1996       499  0.50000000000000E+01
      2000       500  0.50000000000000E+01
      2004       501  0.50000000000000E+01
      2008       502  0.50000000000000E+01
      2012       503  0.50000000000000E+01
      2016       504  0.50000000000000E+01
      2020       505  0.50000000000000E+01
      2024       506  0.50000000000000E+01
      2028       507  0.50000000000000E+01
      2032       508  0.50000000000000E+01
      2036       509  0.50000000000000E+01
      2040       510  0.50000000000000E+01
      2044       511  0.50000000000000E+01
      2048       512  0.50000000000000E+01
      2052       513  0.50000000000000E+01
      2056       514  0.50000000000000E+01
      2060       515  0.50000000000000E+01
      2064       516  0.50000000000000E+01
      2068       517  0.50000000000000E+01
      2072       518  0.50000000000000E+01
      2076       519  0.50000000000000E+01
      2080       520  0.50000000000000E+01
      2084       521  0.50000000000000E+01
      2088       522  0.50000000000000E+01
      2092       523  0.50000000000000E+01
      2096       524  0.50000000000000E+01
      2100       525  0.50000000000000E+01
      2104       526  0.50000000000000E+01
      2108       527  0.50000000000000E+01
      2112       528  0.50000000000000E+01
      2116       529  0.50000000000000E+01
      2120       530  0.50000000000000E+01
      2124       531  0.50000000000000E+01
      2128       532  0.50000000000000E+01
      2132       533  0.50000000000000E+01
      2136       534  0.50000000000000E+01
      2140       535  0.50000000000000E+01
      2144       536  0.50000000000000E+01
      2148       537  0.50000000000000E+01
      2152       538  0.50000000000000E+01
      2156       539  0.50000000000000E+01
      2160       540  0.50000000000000E+01
      2164       541  0.50000000000000E+01
      2168       542  0.50000000000000E+01
      2172       543  0.50000000000000E+01
      2176       544  0.50000000000000E+01
      2180       545  0.50000000000000E+01
      2184       546  0.50000000000000E+01
      2188       547  0.50000000000000E+01
      2192       548  0.50000000000000E+01
      2196       549  0.50000000000000E+01
      2200       550  0.50000000000000E+01
      2204       551  0.50000000000000E+01
      2208       552  0.50000000000000E+01
      2212       553  0.50000000000000E+01
      2216       554  0.50000000000000E+01
      2220       555  0.50000000000000E+01
      2224       556  0.50000000000000E+01
      2228       557  0.50000000000000E+01
      2232       558  0.50000000000000E+01
      2236       559  0.50000000000000E+01
      2240       560  0.50000000000000E+01
      2244       561  0.50000000000000E+01
      2248       562  0.50000000000000E+01
      2252       563  0.50000000000000E+01
      2256       564  0.50000000000000E+01
      2260       565  0.50000000000000E+01
      2264       566  0.50000000000000E+01
      2268       567  0.50000000000000E+01
      2272       568  0.50000000000000E+01
      2276       569  0.50000000000000E+01
      2280       570  0.50000000000000E+01
      2284       571  0.50000000000000E+01
      2288       572  0.50000000000000E+01
      2292       573  0.50000000000000E+01
      2296       574  0.50000000000000E+01
      2300       575  0.50000000000000E+01
      2304       576  0.50000000000000E+01
      2308       577  0.50000000000000E+01
      2312       578  0.50000000000000E+01
      2316       579  0.50000000000000E+01
      2320       580  0.50000000000000E+01
      2324       581  0.50000000000000E+01
      2328       582  0.50000000000000E+01
      2332       583  0.50000000000000E+01
      2336       584  0.50000000000000E+01
      2340       585  0.50000000000000E+01
      2344       586  0.50000000000000E+01
      2348       587  0.50000000000000E+01
      2352       588  0.50000000000000E+01
      2356       589  0.50000000000000E+01
      2360       590  0.50000000000000E+01
      2364       591  0.50000000000000E+01
      2368       592  0.50000000000000E+01
      2372       593  0.50000000000000E+01
      2376       594  0.50000000000000E+01
      2380       595  0.50000000000000E+01
      2384       596  0.50000000000000E+01
      2388       597  0.50000000000000E+01
      2392       598  0.50000000000000E+01
      2396       599  0.50000000000000E+01
      2400       600  0.50000000000000E+01
      2404       601  0.50000000000000E+01
      2408       602  0.50000000000000E+01
      2412       603  0.50000000000000E+01
      2416       604  0.50000000000000E+01
      2420       605  0.50000000000000E+01
      2424       606  0.50000000000000E+01
      2428       607  0.50000000000000E+01
      2432       608  0.50000000000000E+01
      2436       609  0.50000000000000E+01
      2440       610  0.50000000000000E+01
      2444       611  0.50000000000000E+01
      2448       612  0.50000000000000E+01
      2452       613  0.50000000000000E+01
      2456       614  0.50000000000000E+01
      2460       615  0.50000000000000E+01
      2464       616  0.50000000000000E+01
      2468       617  0.50000000000000E+01
      2472       618  0.50000000000000E+01
      2476       619  0.50000000000000E+01
      2480       620  0.50000000000000E+01
      2484       621  0.50000000000000E+01
      2488       622  0.50000000000000E+01
      2492       623  0.50000000000000E+01
      2496       624  0.50000000000000E+01
      2500       625  0.50000000000000E+01
      2504       626  0.50000000000000E+01
      2508       627  0.50000000000000E+01
      2512       628  0.50000000000000E+01
      2516       629  0.50000000000000E+01
      2520       630  0.50000000000000E+01
      2524       631  0.50000000000000E+01
      2528       632  0.50000000000000E+01
      2532       633  0.50000000000000E+01
      2536       634  0.50000000000000E+01
      2540       635  0.50000000000000E+01
      2544       636  0.50000000000000E+01
      2548       637  0.50000000000000E+01
      2552       638  0.50000000000000E+01
      2556       639  0.50000000000000E+01
      2560       640  0.50000000000000E+01
      2564       641  0.50000000000000E+01
      2568       642  0.50000000000000E+01
      2572       643  0.50000000000000E+01
      2576       644  0.50000000000000E+01
      2580       645  0.50000000000000E+01
      2584       646  0.50000000000000E+01
      2588       647  0.50000000000000E+01
      2592       648  0.50000000000000E+01
      2596       649  0.50000000000000E+01
      2600       650  0.50000000000000E+01
      2604       651  0.50000000000000E+01
      2608       652  0.50000000000000E+01
      2612       653  0.50000000000000E+01
      2616       654  0.50000000000000E+01
      2620       655  0.50000000000000E+01
      2624       656  0.50000000000000E+01
      2628       657  0.50000000000000E+01
      2632       658  0.50000000000000E+01
      2636       659  0.50000000000000E+01
      2640       660  0.50000000000000E+01
      2644       661  0.50000000000000E+01
      2648       662  0.50000000000000E+01
      2652       663  0.50000000000000E+01
      2656       664  0.50000000000000E+01
      2660       665  0.50000000000000E+01
      2664       666  0.50000000000000E+01
      2668       667  0.50000000000000E+01
      2672       668  0.50000000000000E+01
      2676       669  0.50000000000000E+01
      2680       670  0.50000000000000E+01
      2684       671  0.50000000000000E+01
      2688       672  0.50000000000000E+01
      2692       673  0.50000000000000E+01
      2696       674  0.50000000000000E+01
      2700       675  0.50000000000000E+01
      2704       676  0.50000000000000E+01
      2708       677  0.50000000000000E+01
      2712       678  0.50000000000000E+01
      2716       679  0.50000000000000E+01
      2720       680  0.50000000000000E+01
      2724       681  0.50000000000000E+01
      2728       682  0.50000000000000E+01
      2732       683  0.50000000000000E+01
      2736       684  0.50000000000000E+01
      2740       685  0.50000000000000E+01
      2744       686  0.50000000000000E+01
      2748       687  0.50000000000000E+01
      2752       688  0.50000000000000E+01
      2756       689  0.50000000000000E+01
      2760       690  0.50000000000000E+01
      2764       691  0.50000000000000E+01
      2768       692  0.50000000000000E+01
      2772       693  0.50000000000000E+01
      2776       694  0.50000000000000E+01
      2780       695  0.50000000000000E+01
      2784       696  0.50000000000000E+01
      2788       697  0.50000000000000E+01
      2792       698  0.50000000000000E+01
      2796       699  0.50000000000000E+01
      2800       700  0.50000000000000E+01
      2804       701  0.50000000000000E+01
      2808       702  0.50000000000000E+01
      2812       703  0.50000000000000E+01
      2816       704  0.50000000000000E+01
      2820       705  0.50000000000000E+01
      2824       706  0.50000000000000E+01
      2828       707  0.50000000000000E+01
      2832       708  0.50000000000000E+01
      2836       709  0.50000000000000E+01
      2840       710  0.50000000000000E+01
      2844       711  0.50000000000000E+01
      2848       712  0.50000000000000E+01
      2852       713  0.50000000000000E+01
      2856       714  0.50000000000000E+01
      2860       715  0.50000000000000E+01
      2864       716  0.50000000000000E+01
      2868       717  0.50000000000000E+01
      2872       718  0.50000000000000E+01
      2876       719  0.50000000000000E+01
      2880       720  0.50000000000000E+01
      2884       721  0.50000000000000E+01
      2888       722  0.50000000000000E+01
      2892       723  0.50000000000000E+01
      2896       724  0.50000000000000E+01
      2900       725  0.50000000000000E+01
      2904       726  0.50000000000000E+01
      2908       727  0.50000000000000E+01
      2912       728  0.50000000000000E+01
      2916       729  0.50000000000000E+01
      2920       730  0.50000000000000E+01
      2924       731  0.50000000000000E+01
      2928       732  0.50000000000000E+01
      2932       733  0.50000000000000E+01
      2936       734  0.50000000000000E+01
      2940       735  0.50000000000000E+01
      2944       736  0.50000000000000E+01
      2948       737  0.50000000000000E+01
      2952       738  0.50000000000000E+01
      2956       739  0.50000000000000E+01
      2960       740  0.50000000000000E+01
      2964       741  0.50000000000000E+01
      2968       742  0.50000000000000E+01
      2972       743  0.50000000000000E+01
      2976       744  0.50000000000000E+01
      2980       745  0.50000000000000E+01
      2984       746  0.50000000000000E+01
      2988       747  0.50000000000000E+01
      2992       748  0.50000000000000E+01
      2996       749  0.50000000000000E+01
      3000       750  0.50000000000000E+01
      3004       751  0.50000000000000E+01
      3008       752  0.50000000000000E+01
      3012       753  0.50000000000000E+01
      3016       754  0.50000000000000E+01
      3020       755  0.50000000000000E+01
      3024       756  0.50000000000000E+01
      3028       757  0.50000000000000E+01
      3032       758  0.50000000000000E+01
      3036       759  0.50000000000000E+01
      3040       760  0.50000000000000E+01
      3044       761  0.50000000000000E+01
      3048       762  0.50000000000000E+01
      3052       763  0.50000000000000E+01
      3056       764  0.50000000000000E+01
      3060       765  0.50000000000000E+01
      3064       766  0.50000000000000E+01
      3068       767  0.50000000000000E+01
      3072       768  0.50000000000000E+01
      3076       769  0.50000000000000E+01
      3080       770  0.50000000000000E+01
      3084       771  0.50000000000000E+01
      3088       772  0.50000000000000E+01
      3092       773  0.50000000000000E+01
      3096       774  0.50000000000000E+01
      3100       775  0.50000000000000E+01
      3104       776  0.50000000000000E+01
      3108       777  0.50000000000000E+01
      3112       778  0.50000000000000E+01
      3116       779  0.50000000000000E+01
      3120       780  0.50000000000000E+01
      3124       781  0.50000000000000E+01
      3128       782  0.50000000000000E+01
      3132       783  0.50000000000000E+01
      3136       784  0.50000000000000E+01
      3140       785  0.50000000000000E+01
      3144       786  0.50000000000000E+01
      3148       787  0.50000000000000E+01
      3152       788  0.50000000000000E+01
      3156       789  0.50000000000000E+01
      3160       790  0.50000000000000E+01
      3164       791  0.50000000000000E+01
      3168       792  0.50000000000000E+01
      3172       793  0.50000000000000E+01
      3176       794  0.50000000000000E+01
      3180       795  0.50000000000000E+01
      3184       796  0.50000000000000E+01
      3188       797  0.50000000000000E+01
      3192       798  0.50000000000000E+01
      3196       799  0.50000000000000E+01
      3200       800  0.50000000000000E+01
      3204       801  0.50000000000000E+01
      3208       802  0.50000000000000E+01
      3212       803  0.50000000000000E+01
      3216       804  0.50000000000000E+01
      3220       805  0.50000000000000E+01
      3224       806  0.50000000000000E+01
      3228       807  0.50000000000000E+01
      3232       808  0.50000000000000E+01
      3236       809  0.50000000000000E+01
      3240       810  0.50000000000000E+01
      3244       811  0.50000000000000E+01
      3248       812  0.50000000000000E+01
      3252       813  0.50000000000000E+01
      3256       814  0.50000000000000E+01
      3260       815  0.50000000000000E+01
      3264       816  0.50000000000000E+01
      3268       817  0.50000000000000E+01
      3272       818  0.50000000000000E+01
      3276       819  0.50000000000000E+01
      3280       820  0.50000000000000E+01
      3284       821  0.50000000000000E+01
      3288       822  0.50000000000000E+01
      3292       823  0.50000000000000E+01
      3296       824  0.50000000000000E+01
      3300       825  0.50000000000000E+01
      3304       826  0.50000000000000E+01
      3308       827  0.50000000000000E+01
      3312       828  0.50000000000000E+01
      3316       829  0.50000000000000E+01
      3320       830  0.50000000000000E+01
      3324       831  0.50000000000000E+01
      3328       832  0.50000000000000E+01
      3332       833  0.50000000000000E+01
      3336       834  0.50000000000000E+01
      3340       835  0.50000000000000E+01
      3344       836  0.50000000000000E+01
      3348       837  0.50000000000000E+01
      3352       838  0.50000000000000E+01
      3356       839  0.50000000000000E+01
      3360       840  0.50000000000000E+01
      3364       841  0.50000000000000E+01
      3368       842  0.50000000000000E+01
      3372       843  0.50000000000000E+01
      3376       844  0.50000000000000E+01
      3380       845  0.50000000000000E+01
      3384       846  0.50000000000000E+01
      3388       847  0.50000000000000E+01
      3392       848  0.50000000000000E+01
      3396       849  0.50000000000000E+01
      3400       850  0.50000000000000E+01
      3404       851  0.50000000000000E+01
      3408       852  0.50000000000000E+01
      3412       853  0.50000000000000E+01
      3416       854  0.50000000000000E+01
      3420       855  0.50000000000000E+01
      3424       856  0.50000000000000E+01
      3428       857  0.50000000000000E+01
      3432       858  0.50000000000000E+01
      3436       859  0.50000000000000E+01
      3440       860  0.50000000000000E+01
      3444       861  0.50000000000000E+01
      3448       862  0.50000000000000E+01
      3452       863  0.50000000000000E+01
      3456       864  0.50000000000000E+01
      3460       865  0.50000000000000E+01
      3464       866  0.50000000000000E+01
      3468       867  0.50000000000000E+01
      3472       868  0.50000000000000E+01
      3476       869  0.50000000000000E+01
      3480       870  0.50000000000000E+01
      3484       871  0.50000000000000E+01
      3488       872  0.50000000000000E+01
      3492       873  0.50000000000000E+01
      3496       874  0.50000000000000E+01
      3500       875  0.50000000000000E+01
      3504       876  0.50000000000000E+01
      3508       877  0.50000000000000E+01
      3512       878  0.50000000000000E+01
      3516       879  0.50000000000000E+01
      3520       880  0.50000000000000E+01
      3524       881  0.50000000000000E+01
      3528       882  0.50000000000000E+01
      3532       883  0.50000000000000E+01
      3536       884  0.50000000000000E+01
      3540       885  0.50000000000000E+01
      3544       886  0.50000000000000E+01
      3548       887  0.50000000000000E+01
      3552       888  0.50000000000000E+01
      3556       889  0.50000000000000E+01
      3560       890  0.50000000000000E+01
      3564       891  0.50000000000000E+01
      3568       892  0.50000000000000E+01
      3572       893  0.50000000000000E+01
      3576       894  0.50000000000000E+01
      3580       895  0.50000000000000E+01
      3584       896  0.50000000000000E+01
      3588       897  0.50000000000000E+01
      3592       898  0.50000000000000E+01
      3596       899  0.50000000000000E+01
      3600       900  0.50000000000000E+01
      3604       901  0.50000000000000E+01
      3608       902  0.50000000000000E+01
      3612       903  0.50000000000000E+01
      3616       904  0.50000000000000E+01
      3620       905  0.50000000000000E+01
      3624       906  0.50000000000000E+01
      3628       907  0.50000000000000E+01
      3632       908  0.50000000000000E+01
      3636       909  0.50000000000000E+01
      3640       910  0.50000000000000E+01
      3644       911  0.50000000000000E+01
      3648       912  0.50000000000000E+01
      3652       913  0.50000000000000E+01
      3656       914  0.50000000000000E+01
      3660       915  0.50000000000000E+01
      3664       916  0.50000000000000E+01
      3668       917  0.50000000000000E+01
      3672       918  0.50000000000000E+01
      3676       919  0.50000000000000E+01
      3680       920  0.50000000000000E+01
      3684       921  0.50000000000000E+01
      3688       922  0.50000000000000E+01
      3692       923  0.50000000000000E+01
      3696       924  0.50000000000000E+01
      3700       925  0.50000000000000E+01
      3704       926  0.50000000000000E+01
      3708       927  0.50000000000000E+01
      3712       928  0.50000000000000E+01
      3716       929  0.50000000000000E+01
      3720       930  0.50000000000000E+01
      3724       931  0.50000000000000E+01
      3728       932  0.50000000000000E+01
      3732       933  0.50000000000000E+01
      3736       934  0.50000000000000E+01
      3740       935  0.50000000000000E+01
      3744       936  0.50000000000000E+01
      3748       937  0.50000000000000E+01
      3752       938  0.50000000000000E+01
      3756       939  0.50000000000000E+01
      3760       940  0.50000000000000E+01
      3764       941  0.50000000000000E+01
      3768       942  0.50000000000000E+01
      3772       943  0.50000000000000E+01
      3776       944  0.50000000000000E+01
      3780       945  0.50000000000000E+01
      3784       946  0.50000000000000E+01
      3788       947  0.50000000000000E+01
      3792       948  0.50000000000000E+01
      3796       949  0.50000000000000E+01
      3800       950  0.50000000000000E+01
      3804       951  0.50000000000000E+01
      3808       952  0.50000000000000E+01
      3812       953  0.50000000000000E+01
      3816       954  0.50000000000000E+01
      3820       955  0.50000000000000E+01
      3824       956  0.50000000000000E+01
      3828       957  0.50000000000000E+01
      3832       958  0.50000000000000E+01
      3836       959  0.50000000000000E+01
      3840       960  0.50000000000000E+01
      3844       961  0.50000000000000E+01
      3848       962  0.50000000000000E+01
      3852       963  0.50000000000000E+01
      3856       964  0.50000000000000E+01
      3860       965  0.50000000000000E+01
      3864       966  0.50000000000000E+01
      3868       967  0.50000000000000E+01
      3872       968  0.50000000000000E+01
      3876       969  0.50000000000000E+01
      3880       970  0.50000000000000E+01
      3884       971  0.50000000000000E+01
      3888       972  0.50000000000000E+01
      3892       973  0.50000000000000E+01
      3896       974  0.50000000000000E+01
      3900       975  0.50000000000000E+01
      3904       976  0.50000000000000E+01
      3908       977  0.50000000000000E+01
      3912       978  0.50000000000000E+01
      3916       979  0.50000000000000E+01
      3920       980  0.50000000000000E+01
      3924       981  0.50000000000000E+01
      3928       982  0.50000000000000E+01
      3932       983  0.50000000000000E+01
      3936       984  0.50000000000000E+01
      3940       985  0.50000000000000E+01
      3944       986  0.50000000000000E+01
      3948       987  0.50000000000000E+01
      3952       988  0.50000000000000E+01
      3956       989  0.50000000000000E+01
      3960       990  0.50000000000000E+01
      3964       991  0.50000000000000E+01
      3968       992  0.50000000000000E+01
      3972       993  0.50000000000000E+01
      3976       994  0.50000000000000E+01
      3980       995  0.50000000000000E+01
      3984       996  0.50000000000000E+01
      3988       997  0.50000000000000E+01
      3992       998  0.50000000000000E+01
      3996       999  0.50000000000000E+01
      4000      1000  0.50000000000000E+01
      4004      1001  0.50000000000000E+01
      4008      1002  0.50000000000000E+01
      4012      1003  0.50000000000000E+01
      4016      1004  0.50000000000000E+01
      4020      1005  0.50000000000000E+01
      4024      1006  0.50000000000000E+01
      4028      1007  0.50000000000000E+01
      4032      1008  0.50000000000000E+01
      4036      1009  0.50000000000000E+01
      4040      1010  0.50000000000000E+01
      4044      1011  0.50000000000000E+01
      4048      1012  0.50000000000000E+01
      4052      1013  0.50000000000000E+01
      4056      1014  0.50000000000000E+01
      4060      1015  0.50000000000000E+01
      4064      1016  0.50000000000000E+01
      4068      1017  0.50000000000000E+01
      4072      1018  0.50000000000000E+01
      4076      1019  0.50000000000000E+01
      4080      1020  0.50000000000000E+01
      4084      1021  0.50000000000000E+01
      4088      1022  0.50000000000000E+01
      4092      1023  0.50000000000000E+01
      4096      1024  0.50000000000000E+01
      4100      1025  0.50000000000000E+01
      4104      1026  0.50000000000000E+01
      4108      1027  0.50000000000000E+01
      4112      1028  0.50000000000000E+01
      4116      1029  0.50000000000000E+01
      4120      1030  0.50000000000000E+01
      4124      1031  0.50000000000000E+01
      4128      1032  0.50000000000000E+01
      4132      1033  0.50000000000000E+01
      4136      1034  0.50000000000000E+01
      4140      1035  0.50000000000000E+01
      4144      1036  0.50000000000000E+01
      4148      1037  0.50000000000000E+01
      4152      1038  0.50000000000000E+01
      4156      1039  0.50000000000000E+01
      4160      1040  0.50000000000000E+01
      4164      1041  0.50000000000000E+01
      4168      1042  0.50000000000000E+01
      4172      1043  0.50000000000000E+01
      4176      1044  0.50000000000000E+01
      4180      1045  0.50000000000000E+01
      4184      1046  0.50000000000000E+01
      4188      1047  0.50000000000000E+01
      4192      1048  0.50000000000000E+01
      4196      1049  0.50000000000000E+01
      4200      1050  0.50000000000000E+01
      4204      1051  0.50000000000000E+01
      4208      1052  0.50000000000000E+01
      4212      1053  0.50000000000000E+01
      4216      1054  0.50000000000000E+01
      4220      1055  0.50000000000000E+01
      4224      1056  0.50000000000000E+01
      4228      1057  0.50000000000000E+01
      4232      1058  0.50000000000000E+01
      4236      1059  0.50000000000000E+01
      4240      1060  0.50000000000000E+01
      4244      1061  0.50000000000000E+01
      4248      1062  0.50000000000000E+01
      4252      1063  0.50000000000000E+01
      4256      1064  0.50000000000000E+01
      4260      1065  0.50000000000000E+01
      4264      1066  0.50000000000000E+01
      4268      1067  0.50000000000000E+01
      4272      1068  0.50000000000000E+01
      4276      1069  0.50000000000000E+01
      4280      1070  0.50000000000000E+01
      4284      1071  0.50000000000000E+01
      4288      1072  0.50000000000000E+01
      4292      1073  0.50000000000000E+01
      4296      1074  0.50000000000000E+01
      4300      1075  0.50000000000000E+01
      4304      1076  0.50000000000000E+01
      4308      1077  0.50000000000000E+01
      4312      1078  0.50000000000000E+01
      4316      1079  0.50000000000000E+01
      4320      1080  0.50000000000000E+01
      4324      1081  0.50000000000000E+01
      4328      1082  0.50000000000000E+01
      4332      1083  0.50000000000000E+01
      4336      1084  0.50000000000000E+01
      4340      1085  0.50000000000000E+01
      4344      1086  0.50000000000000E+01
      4348      1087  0.50000000000000E+01
      4352      1088  0.50000000000000E+01
      4356      1089  0.50000000000000E+01
      4360      1090  0.50000000000000E+01
      4364      1091  0.50000000000000E+01
      4368      1092  0.50000000000000E+01
      4372      1093  0.50000000000000E+01
      4376      1094  0.50000000000000E+01
      4380      1095  0.50000000000000E+01
      4384      1096  0.50000000000000E+01
      4388      1097  0.50000000000000E+01
      4392      1098  0.50000000000000E+01
      4396      1099  0.50000000000000E+01
      4400      1100  0.50000000000000E+01
      4404      1101  0.50000000000000E+01
      4408      1102  0.50000000000000E+01
      4412      1103  0.50000000000000E+01
      4416      1104  0.50000000000000E+01
      4420      1105  0.50000000000000E+01
      4424      1106  0.50000000000000E+01
      4428      1107  0.50000000000000E+01
      4432      1108  0.50000000000000E+01
      4436      1109  0.50000000000000E+01
      4440      1110  0.50000000000000E+01
      4444      1111  0.50000000000000E+01
      4448      1112  0.50000000000000E+01
      4452      1113  0.50000000000000E+01
      4456      1114  0.50000000000000E+01
      4460      1115  0.50000000000000E+01
      4464      1116  0.50000000000000E+01
      4468      1117  0.50000000000000E+01
      4472      1118  0.50000000000000E+01
      4476      1119  0.50000000000000E+01
      4480      1120  0.50000000000000E+01
      4484      1121  0.50000000000000E+01
      4488      1122  0.50000000000000E+01
      4492      1123  0.50000000000000E+01
      4496      1124  0.50000000000000E+01
      4500      1125  0.50000000000000E+01
      4504      1126  0.50000000000000E+01
      4508      1127  0.50000000000000E+01
      4512      1128  0.50000000000000E+01
      4516      1129  0.50000000000000E+01
      4520      1130  0.50000000000000E+01
      4524      1131  0.50000000000000E+01
      4528      1132  0.50000000000000E+01
      4532      1133  0.50000000000000E+01
      4536      1134  0.50000000000000E+01
      4540      1135  0.50000000000000E+01
      4544      1136  0.50000000000000E+01
      4548      1137  0.50000000000000E+01
      4552      1138  0.50000000000000E+01
      4556      1139  0.50000000000000E+01
      4560      1140  0.50000000000000E+01
      4564      1141  0.50000000000000E+01
      4568      1142  0.50000000000000E+01
      4572      1143  0.50000000000000E+01
      4576      1144  0.50000000000000E+01
      4580      1145  0.50000000000000E+01
      4584      1146  0.50000000000000E+01
      4588      1147  0.50000000000000E+01
      4592      1148  0.50000000000000E+01
      4596      1149  0.50000000000000E+01
      4600      1150  0.50000000000000E+01
      4604      1151  0.50000000000000E+01
      4608      1152  0.50000000000000E+01
      4612      1153  0.50000000000000E+01
      4616      1154  0.50000000000000E+01
      4620      1155  0.50000000000000E+01
      4624      1156  0.50000000000000E+01
      4628      1157  0.50000000000000E+01
      4632      1158  0.50000000000000E+01
      4636      1159  0.50000000000000E+01
      4640      1160  0.50000000000000E+01
      4644      1161  0.50000000000000E+01
      4648      1162  0.50000000000000E+01
      4652      1163  0.50000000000000E+01
      4656      1164  0.50000000000000E+01
      4660      1165  0.50000000000000E+01
      4664      1166  0.50000000000000E+01
      4668      1167  0.50000000000000E+01
      4672      1168  0.50000000000000E+01
      4676      1169  0.50000000000000E+01
      4680      1170  0.50000000000000E+01
      4684      1171  0.50000000000000E+01
      4688      1172  0.50000000000000E+01
      4692      1173  0.50000000000000E+01
      4696      1174  0.50000000000000E+01
      4700      1175  0.50000000000000E+01
      4704      1176  0.50000000000000E+01
      4708      1177  0.50000000000000E+01
      4712      1178  0.50000000000000E+01
      4716      1179  0.50000000000000E+01
      4720      1180  0.50000000000000E+01
      4724      1181  0.50000000000000E+01
      4728      1182  0.50000000000000E+01
      4732      1183  0.50000000000000E+01
      4736      1184  0.50000000000000E+01
      4740      1185  0.50000000000000E+01
      4744      1186  0.50000000000000E+01
      4748      1187  0.50000000000000E+01
      4752      1188  0.50000000000000E+01
      4756      1189  0.50000000000000E+01
      4760      1190  0.50000000000000E+01
      4764      1191  0.50000000000000E+01
      4768      1192  0.50000000000000E+01
      4772      1193  0.50000000000000E+01
      4776      1194  0.50000000000000E+01
      4780      1195  0.50000000000000E+01
      4784      1196  0.50000000000000E+01
      4788      1197  0.50000000000000E+01
      4792      1198  0.50000000000000E+01
      4796      1199  0.50000000000000E+01
      4800      1200  0.50000000000000E+01
      4804      1201  0.50000000000000E+01
      4808      1202  0.50000000000000E+01
      4812      1203  0.50000000000000E+01
      4816      1204  0.50000000000000E+01
      4820      1205  0.50000000000000E+01
      4824      1206  0.50000000000000E+01
      4828      1207  0.50000000000000E+01
      4832      1208  0.50000000000000E+01
      4836      1209  0.50000000000000E+01
      4840      1210  0.50000000000000E+01
      4844      1211  0.50000000000000E+01
      4848      1212  0.50000000000000E+01
      4852      1213  0.50000000000000E+01
      4856      1214  0.50000000000000E+01
      4860      1215  0.50000000000000E+01
      4864      1216  0.50000000000000E+01
      4868      1217  0.50000000000000E+01
      4872      1218  0.50000000000000E+01
      4876      1219  0.50000000000000E+01
      4880      1220  0.50000000000000E+01
      4884      1221  0.50000000000000E+01
      4888      1222  0.50000000000000E+01
      4892      1223  0.50000000000000E+01
      4896      1224  0.50000000000000E+01
      4900      1225  0.50000000000000E+01
      4904      1226  0.50000000000000E+01
      4908      1227  0.50000000000000E+01
      4912      1228  0.50000000000000E+01
      4916      1229  0.50000000000000E+01
      4920      1230  0.50000000000000E+01
      4924      1231  0.50000000000000E+01
      4928      1232  0.50000000000000E+01
      4932      1233  0.50000000000000E+01
      4936      1234  0.50000000000000E+01
      4940      1235  0.50000000000000E+01
      4944      1236  0.50000000000000E+01
      4948      1237  0.50000000000000E+01
      4952      1238  0.50000000000000E+01
      4956      1239  0.50000000000000E+01
      4960      1240  0.50000000000000E+01
      4964      1241  0.50000000000000E+01
      4968      1242  0.50000000000000E+01
      4972      1243  0.50000000000000E+01
      4976      1244  0.50000000000000E+01
      4980      1245  0.50000000000000E+01
      4984      1246  0.50000000000000E+01
      4988      1247  0.50000000000000E+01
      4992      1248  0.50000000000000E+01
      4996      1249  0.50000000000000E+01
      5000      1250  0.50000000000000E+01
      5004      1251  0.50000000000000E+01
      5008      1252  0.50000000000000E+01
      5012      1253  0.50000000000000E+01
      5016      1254  0.50000000000000E+01
      5020      1255  0.50000000000000E+01
      5024      1256  0.50000000000000E+01
      5028      1257  0.50000000000000E+01
      5032      1258  0.50000000000000E+01
      5036      1259  0.50000000000000E+01
      5040      1260  0.50000000000000E+01
      5044      1261  0.50000000000000E+01
      5048      1262  0.50000000000000E+01
      5052      1263  0.50000000000000E+01
      5056      1264  0.50000000000000E+01
      5060      1265  0.50000000000000E+01
      5064      1266  0.50000000000000E+01
      5068      1267  0.50000000000000E+01
      5072      1268  0.50000000000000E+01
      5076      1269  0.50000000000000E+01
      5080      1270  0.50000000000000E+01
      5084      1271  0.50000000000000E+01
      5088      1272  0.50000000000000E+01
      5092      1273  0.50000000000000E+01
      5096      1274  0.50000000000000E+01
      5100      1275  0.50000000000000E+01
      5104      1276  0.50000000000000E+01
      5108      1277  0.50000000000000E+01
      5112      1278  0.50000000000000E+01
      5116      1279  0.50000000000000E+01
      5120      1280  0.50000000000000E+01
      5124      1281  0.50000000000000E+01
      5128      1282  0.50000000000000E+01
      5132      1283  0.50000000000000E+01
      5136      1284  0.50000000000000E+01
      5140      1285  0.50000000000000E+01
      5144      1286  0.50000000000000E+01
      5148      1287  0.50000000000000E+01
      5152      1288  0.50000000000000E+01
      5156      1289  0.50000000000000E+01
      5160      1290  0.50000000000000E+01
      5164      1291  0.50000000000000E+01
      5168      1292  0.50000000000000E+01
      5172      1293  0.50000000000000E+01
      5176      1294  0.50000000000000E+01
      5180      1295  0.50000000000000E+01
      5184      1296  0.50000000000000E+01
      5188      1297  0.50000000000000E+01
      5192      1298  0.50000000000000E+01
      5196      1299  0.50000000000000E+01
      5200      1300  0.50000000000000E+01
      5204      1301  0.50000000000000E+01
      5208      1302  0.50000000000000E+01
      5212      1303  0.50000000000000E+01
      5216      1304  0.50000000000000E+01
      5220      1305  0.50000000000000E+01
      5224      1306  0.50000000000000E+01
      5228      1307  0.50000000000000E+01
      5232      1308  0.50000000000000E+01
      5236      1309  0.50000000000000E+01
      5240      1310  0.50000000000000E+01
      5244      1311  0.50000000000000E+01
      5248      1312  0.50000000000000E+01
      5252      1313  0.50000000000000E+01
      5256      1314  0.50000000000000E+01
      5260      1315  0.50000000000000E+01
      5264      1316  0.50000000000000E+01
      5268      1317  0.50000000000000E+01
      5272      1318  0.50000000000000E+01
      5276      1319  0.50000000000000E+01
      5280      1320  0.50000000000000E+01
      5284      1321  0.50000000000000E+01
      5288      1322  0.50000000000000E+01
      5292      1323  0.50000000000000E+01
      5296      1324  0.50000000000000E+01
      5300      1325  0.50000000000000E+01
      5304      1326  0.50000000000000E+01
      5308      1327  0.50000000000000E+01
      5312      1328  0.50000000000000E+01
      5316      1329  0.50000000000000E+01
      5320      1330  0.50000000000000E+01
      5324      1331  0.50000000000000E+01
      5328      1332  0.50000000000000E+01
      5332      1333  0.50000000000000E+01
      5336      1334  0.50000000000000E+01
      5340      1335  0.50000000000000E+01
      5344      1336  0.50000000000000E+01
      5348      1337  0.50000000000000E+01
      5352      1338  0.50000000000000E+01
      5356      1339  0.50000000000000E+01
      5360      1340  0.50000000000000E+01
      5364      1341  0.50000000000000E+01
      5368      1342  0.50000000000000E+01
      5372      1343  0.50000000000000E+01
      5376      1344  0.50000000000000E+01
      5380      1345  0.50000000000000E+01
      5384      1346  0.50000000000000E+01
      5388      1347  0.50000000000000E+01
      5392      1348  0.50000000000000E+01
      5396      1349  0.50000000000000E+01
      5400      1350  0.50000000000000E+01
      5404      1351  0.50000000000000E+01
      5408      1352  0.50000000000000E+01
      5412      1353  0.50000000000000E+01
      5416      1354  0.50000000000000E+01
      5420      1355  0.50000000000000E+01
      5424      1356  0.50000000000000E+01
      5428      1357  0.50000000000000E+01
      5432      1358  0.50000000000000E+01
      5436      1359  0.50000000000000E+01
      5440      1360  0.50000000000000E+01
      5444      1361  0.50000000000000E+01
      5448      1362  0.50000000000000E+01
      5452      1363  0.50000000000000E+01
      5456      1364  0.50000000000000E+01
      5460      1365  0.50000000000000E+01
      5464      1366  0.50000000000000E+01
      5468      1367  0.50000000000000E+01
      5472      1368  0.50000000000000E+01
      5476      1369  0.50000000000000E+01
      5480      1370  0.50000000000000E+01
      5484      1371  0.50000000000000E+01
      5488      1372  0.50000000000000E+01
      5492      1373  0.50000000000000E+01
      5496      1374  0.50000000000000E+01
      5500      1375  0.50000000000000E+01
      5504      1376  0.50000000000000E+01
      5508      1377  0.50000000000000E+01
      5512      1378  0.50000000000000E+01
      5516      1379  0.50000000000000E+01
      5520      1380  0.50000000000000E+01
      5524      1381  0.50000000000000E+01
      5528      1382  0.50000000000000E+01
      5532      1383  0.50000000000000E+01
      5536      1384  0.50000000000000E+01
      5540      1385  0.50000000000000E+01
      5544      1386  0.50000000000000E+01
      5548      1387  0.50000000000000E+01
      5552      1388  0.50000000000000E+01
      5556      1389  0.50000000000000E+01
      5560      1390  0.50000000000000E+01
      5564      1391  0.50000000000000E+01
      5568      1392  0.50000000000000E+01
      5572      1393  0.50000000000000E+01
      5576      1394  0.50000000000000E+01
      5580      1395  0.50000000000000E+01
      5584      1396  0.50000000000000E+01
      5588      1397  0.50000000000000E+01
      5592      1398  0.50000000000000E+01
      5596      1399  0.50000000000000E+01
      5600      1400  0.50000000000000E+01
      5604      1401  0.50000000000000E+01
      5608      1402  0.50000000000000E+01
      5612      1403  0.50000000000000E+01
      5616      1404  0.50000000000000E+01
      5620      1405  0.50000000000000E+01
      5624      1406  0.50000000000000E+01
      5628      1407  0.50000000000000E+01
      5632      1408  0.50000000000000E+01
      5636      1409  0.50000000000000E+01
      5640      1410  0.50000000000000E+01
      5644      1411  0.50000000000000E+01
      5648      1412  0.50000000000000E+01
      5652      1413  0.50000000000000E+01
      5656      1414  0.50000000000000E+01
      5660      1415  0.50000000000000E+01
      5664      1416  0.50000000000000E+01
      5668      1417  0.50000000000000E+01
      5672      1418  0.50000000000000E+01
      5676      1419  0.50000000000000E+01
      5680      1420  0.50000000000000E+01
      5684      1421  0.50000000000000E+01
      5688      1422  0.50000000000000E+01
      5692      1423  0.50000000000000E+01
      5696      1424  0.50000000000000E+01
      5700      1425  0.50000000000000E+01
      5704      1426  0.50000000000000E+01
      5708      1427  0.50000000000000E+01
      5712      1428  0.50000000000000E+01
      5716      1429  0.50000000000000E+01
      5720      1430  0.50000000000000E+01
      5724      1431  0.50000000000000E+01
      5728      1432  0.50000000000000E+01
      5732      1433  0.50000000000000E+01
      5736      1434  0.50000000000000E+01
      5740      1435  0.50000000000000E+01
      5744      1436  0.50000000000000E+01
      5748      1437  0.50000000000000E+01
      5752      1438  0.50000000000000E+01
      5756      1439  0.50000000000000E+01
      5760      1440  0.50000000000000E+01
      5764      1441  0.50000000000000E+01
      5768      1442  0.50000000000000E+01
      5772      1443  0.50000000000000E+01
      5776      1444  0.50000000000000E+01
      5780      1445  0.50000000000000E+01
      5784      1446  0.50000000000000E+01
      5788      1447  0.50000000000000E+01
      5792      1448  0.50000000000000E+01
      5796      1449  0.50000000000000E+01
      5800      1450  0.50000000000000E+01
      5804      1451  0.50000000000000E+01
      5808      1452  0.50000000000000E+01
      5812      1453  0.50000000000000E+01
      5816      1454  0.50000000000000E+01
      5820      1455  0.50000000000000E+01
      5824      1456  0.50000000000000E+01
      5828      1457  0.50000000000000E+01
      5832      1458  0.50000000000000E+01
      5836      1459  0.50000000000000E+01
      5840      1460  0.50000000000000E+01
      5844      1461  0.50000000000000E+01
      5848      1462  0.50000000000000E+01
      5852      1463  0.50000000000000E+01
      5856      1464  0.50000000000000E+01
      5860      1465  0.50000000000000E+01
      5864      1466  0.50000000000000E+01
      5868      1467  0.50000000000000E+01
      5872      1468  0.50000000000000E+01
      5876      1469  0.50000000000000E+01
      5880      1470  0.50000000000000E+01
      5884      1471  0.50000000000000E+01
      5888      1472  0.50000000000000E+01
      5892      1473  0.50000000000000E+01
      5896      1474  0.50000000000000E+01
      5900      1475  0.50000000000000E+01
      5904      1476  0.50000000000000E+01
      5908      1477  0.50000000000000E+01
      5912      1478  0.50000000000000E+01
      5916      1479  0.50000000000000E+01
      5920      1480  0.50000000000000E+01
      5924      1481  0.50000000000000E+01
      5928      1482  0.50000000000000E+01
      5932      1483  0.50000000000000E+01
      5936      1484  0.50000000000000E+01
      5940      1485  0.50000000000000E+01
      5944      1486  0.50000000000000E+01
      5948      1487  0.50000000000000E+01
      5952      1488  0.50000000000000E+01
      5956      1489  0.50000000000000E+01
      5960      1490  0.50000000000000E+01
      5964      1491  0.50000000000000E+01
      5968      1492  0.50000000000000E+01
      5972      1493  0.50000000000000E+01
      5976      1494  0.50000000000000E+01
      5980      1495  0.50000000000000E+01
      5984      1496  0.50000000000000E+01
      5988      1497  0.50000000000000E+01
      5992      1498  0.50000000000000E+01
      5996      1499  0.50000000000000E+01
      6000      1500  0.50000000000000E+01
      6004      1501  0.50000000000000E+01
      6008      1502  0.50000000000000E+01
      6012      1503  0.50000000000000E+01
      6016      1504  0.50000000000000E+01
      6020      1505  0.50000000000000E+01
      6024      1506  0.50000000000000E+01
      6028      1507  0.50000000000000E+01
      6032      1508  0.50000000000000E+01
      6036      1509  0.50000000000000E+01
      6040      1510  0.50000000000000E+01
      6044      1511  0.50000000000000E+01
      6048      1512  0.50000000000000E+01
      6052      1513  0.50000000000000E+01
      6056      1514  0.50000000000000E+01
      6060      1515  0.50000000000000E+01
      6064      1516  0.50000000000000E+01
      6068      1517  0.50000000000000E+01
      6072      1518  0.50000000000000E+01
      6076      1519  0.50000000000000E+01
      6080      1520  0.50000000000000E+01
      6084      1521  0.50000000000000E+01
      6088      1522  0.50000000000000E+01
      6092      1523  0.50000000000000E+01
      6096      1524  0.50000000000000E+01
      6100      1525  0.50000000000000E+01
      6104      1526  0.50000000000000E+01
      6108      1527  0.50000000000000E+01
      6112      1528  0.50000000000000E+01
      6116      1529  0.50000000000000E+01
      6120      1530  0.50000000000000E+01
      6124      1531  0.50000000000000E+01
      6128      1532  0.50000000000000E+01
      6132      1533  0.50000000000000E+01
      6136      1534  0.50000000000000E+01
      6140      1535  0.50000000000000E+01
      6144      1536  0.50000000000000E+01
      6148      1537  0.50000000000000E+01
      6152      1538  0.50000000000000E+01
      6156      1539  0.50000000000000E+01
      6160      1540  0.50000000000000E+01
      6164      1541  0.50000000000000E+01
      6168      1542  0.50000000000000E+01
      6172      1543  0.50000000000000E+01
      6176      1544  0.50000000000000E+01
      6180      1545  0.50000000000000E+01
      6184      1546  0.50000000000000E+01
      6188      1547  0.50000000000000E+01
      6192      1548  0.50000000000000E+01
      6196      1549  0.50000000000000E+01
      6200      1550  0.50000000000000E+01
      6204      1551  0.50000000000000E+01
      6208      1552  0.50000000000000E+01
      6212      1553  0.50000000000000E+01
      6216      1554  0.50000000000000E+01
      6220      1555  0.50000000000000E+01
      6224      1556  0.50000000000000E+01
      6228      1557  0.50000000000000E+01
      6232      1558  0.50000000000000E+01
      6236      1559  0.50000000000000E+01
      6240      1560  0.50000000000000E+01
      6244      1561  0.50000000000000E+01
      6248      1562  0.50000000000000E+01
      6252      1563  0.50000000000000E+01
      6256      1564  0.50000000000000E+01
      6260      1565  0.50000000000000E+01
      6264      1566  0.50000000000000E+01
      6268      1567  0.50000000000000E+01
      6272      1568  0.50000000000000E+01
      6276      1569  0.50000000000000E+01
      6280      1570  0.50000000000000E+01
      6284      1571  0.50000000000000E+01
      6288      1572  0.50000000000000E+01
      6292      1573  0.50000000000000E+01
      6296      1574  0.50000000000000E+01
      6300      1575  0.50000000000000E+01
      6304      1576  0.50000000000000E+01
      6308      1577  0.50000000000000E+01
      6312      1578  0.50000000000000E+01
      6316      1579  0.50000000000000E+01
      6320      1580  0.50000000000000E+01
      6324      1581  0.50000000000000E+01
      6328      1582  0.50000000000000E+01
      6332      1583  0.50000000000000E+01
      6336      1584  0.50000000000000E+01
      6340      1585  0.50000000000000E+01
      6344      1586  0.50000000000000E+01
      6348      1587  0.50000000000000E+01
      6352      1588  0.50000000000000E+01
      6356      1589  0.50000000000000E+01
      6360      1590  0.50000000000000E+01
      6364      1591  0.50000000000000E+01
      6368      1592  0.50000000000000E+01
      6372      1593  0.50000000000000E+01
      6376      1594  0.50000000000000E+01
      6380      1595  0.50000000000000E+01
      6384      1596  0.50000000000000E+01
      6388      1597  0.50000000000000E+01
      6392      1598  0.50000000000000E+01
      6396      1599  0.50000000000000E+01
      6400      1600  0.50000000000000E+01
      6404      1601  0.50000000000000E+01
      6408      1602  0.50000000000000E+01
      6412      1603  0.50000000000000E+01
      6416      1604  0.50000000000000E+01
      6420      1605  0.50000000000000E+01
      6424      1606  0.50000000000000E+01
      6428      1607  0.50000000000000E+01
      6432      1608  0.50000000000000E+01
      6436      1609  0.50000000000000E+01
      6440      1610  0.50000000000000E+01
      6444      1611  0.50000000000000E+01
      6448      1612  0.50000000000000E+01
      6452      1613  0.50000000000000E+01
      6456      1614  0.50000000000000E+01
      6460      1615  0.50000000000000E+01
      6464      1616  0.50000000000000E+01
      6468      1617  0.50000000000000E+01
      6472      1618  0.50000000000000E+01
      6476      1619  0.50000000000000E+01
      6480      1620  0.50000000000000E+01
      6484      1621  0.50000000000000E+01
      6488      1622  0.50000000000000E+01
      6492      1623  0.50000000000000E+01
      6496      1624  0.50000000000000E+01
      6500      1625  0.50000000000000E+01
      6504      1626  0.50000000000000E+01
      6508      1627  0.50000000000000E+01
      6512      1628  0.50000000000000E+01
      6516      1629  0.50000000000000E+01
      6520      1630  0.50000000000000E+01
      6524      1631  0.50000000000000E+01
      6528      1632  0.50000000000000E+01
      6532      1633  0.50000000000000E+01
      6536      1634  0.50000000000000E+01
      6540      1635  0.50000000000000E+01
      6544      1636  0.50000000000000E+01
      6548      1637  0.50000000000000E+01
      6552      1638  0.50000000000000E+01
      6556      1639  0.50000000000000E+01
      6560      1640  0.50000000000000E+01
      6564      1641  0.50000000000000E+01
      6568      1642  0.50000000000000E+01
      6572      1643  0.50000000000000E+01
      6576      1644  0.50000000000000E+01
      6580      1645  0.50000000000000E+01
      6584      1646  0.50000000000000E+01
      6588      1647  0.50000000000000E+01
      6592      1648  0.50000000000000E+01
      6596      1649  0.50000000000000E+01
      6600      1650  0.50000000000000E+01
      6604      1651  0.50000000000000E+01
      6608      1652  0.50000000000000E+01
      6612      1653  0.50000000000000E+01
      6616      1654  0.50000000000000E+01
      6620      1655  0.50000000000000E+01
      6624      1656  0.50000000000000E+01
      6628      1657  0.50000000000000E+01
      6632      1658  0.50000000000000E+01
      6636      1659  0.50000000000000E+01
      6640      1660  0.50000000000000E+01
      6644      1661  0.50000000000000E+01
      6648      1662  0.50000000000000E+01
      6652      1663  0.50000000000000E+01
      6656      1664  0.50000000000000E+01
      6660      1665  0.50000000000000E+01
      6664      1666  0.50000000000000E+01
      6668      1667  0.50000000000000E+01
      6672      1668  0.50000000000000E+01
      6676      1669  0.50000000000000E+01
      6680      1670  0.50000000000000E+01
      6684      1671  0.50000000000000E+01
      6688      1672  0.50000000000000E+01
      6692      1673  0.50000000000000E+01
      6696      1674  0.50000000000000E+01
      6700      1675  0.50000000000000E+01
      6704      1676  0.50000000000000E+01
      6708      1677  0.50000000000000E+01
      6712      1678  0.50000000000000E+01
      6716      1679  0.50000000000000E+01
      6720      1680  0.50000000000000E+01
      6724      1681  0.50000000000000E+01
      6728      1682  0.50000000000000E+01
      6732      1683  0.50000000000000E+01
      6736      1684  0.50000000000000E+01
      6740      1685  0.50000000000000E+01
      6744      1686  0.50000000000000E+01
      6748      1687  0.50000000000000E+01
      6752      1688  0.50000000000000E+01
      6756      1689  0.50000000000000E+01
      6760      1690  0.50000000000000E+01
      6764      1691  0.50000000000000E+01
      6768      1692  0.50000000000000E+01
      6772      1693  0.50000000000000E+01
      6776      1694  0.50000000000000E+01
      6780      1695  0.50000000000000E+01
      6784      1696  0.50000000000000E+01
      6788      1697  0.50000000000000E+01
      6792      1698  0.50000000000000E+01
      6796      1699  0.50000000000000E+01
      6800      1700  0.50000000000000E+01
      6804      1701  0.50000000000000E+01
      6808      1702  0.50000000000000E+01
      6812      1703  0.50000000000000E+01
      6816      1704  0.50000000000000E+01
      6820      1705  0.50000000000000E+01
      6824      1706  0.50000000000000E+01
      6828      1707  0.50000000000000E+01
      6832      1708  0.50000000000000E+01
      6836      1709  0.50000000000000E+01
      6840      1710  0.50000000000000E+01
      6844      1711  0.50000000000000E+01
      6848      1712  0.50000000000000E+01
      6852      1713  0.50000000000000E+01
      6856      1714  0.50000000000000E+01
      6860      1715  0.50000000000000E+01
      6864      1716  0.50000000000000E+01
      6868      1717  0.50000000000000E+01
      6872      1718  0.50000000000000E+01
      6876      1719  0.50000000000000E+01
      6880      1720  0.50000000000000E+01
      6884      1721  0.50000000000000E+01
      6888      1722  0.50000000000000E+01
      6892      1723  0.50000000000000E+01
      6896      1724  0.50000000000000E+01
      6900      1725  0.50000000000000E+01
      6904      1726  0.50000000000000E+01
      6908      1727  0.50000000000000E+01
      6912      1728  0.50000000000000E+01
      6916      1729  0.50000000000000E+01
      6920      1730  0.50000000000000E+01
      6924      1731  0.50000000000000E+01
      6928      1732  0.50000000000000E+01
      6932      1733  0.50000000000000E+01
      6936      1734  0.50000000000000E+01
      6940      1735  0.50000000000000E+01
      6944      1736  0.50000000000000E+01
      6948      1737  0.50000000000000E+01
      6952      1738  0.50000000000000E+01
      6956      1739  0.50000000000000E+01
      6960      1740  0.50000000000000E+01
      6964      1741  0.50000000000000E+01
      6968      1742  0.50000000000000E+01
      6972      1743  0.50000000000000E+01
      6976      1744  0.50000000000000E+01
      6980      1745  0.50000000000000E+01
      6984      1746  0.50000000000000E+01
      6988      1747  0.50000000000000E+01
      6992      1748  0.50000000000000E+01
      6996      1749  0.50000000000000E+01
      7000      1750  0.50000000000000E+01
      7004      1751  0.50000000000000E+01
      7008      1752  0.50000000000000E+01
      7012      1753  0.50000000000000E+01
      7016      1754  0.50000000000000E+01
      7020      1755  0.50000000000000E+01
      7024      1756  0.50000000000000E+01
      7028      1757  0.50000000000000E+01
      7032      1758  0.50000000000000E+01
      7036      1759  0.50000000000000E+01
      7040      1760  0.50000000000000E+01
      7044      1761  0.50000000000000E+01
      7048      1762  0.50000000000000E+01
      7052      1763  0.50000000000000E+01
      7056      1764  0.50000000000000E+01
      7060      1765  0.50000000000000E+01
      7064      1766  0.50000000000000E+01
      7068      1767  0.50000000000000E+01
      7072      1768  0.50000000000000E+01
      7076      1769  0.50000000000000E+01
      7080      1770  0.50000000000000E+01
      7084      1771  0.50000000000000E+01
      7088      1772  0.50000000000000E+01
      7092      1773  0.50000000000000E+01
      7096      1774  0.50000000000000E+01
      7100      1775  0.50000000000000E+01
      7104      1776  0.50000000000000E+01
      7108      1777  0.50000000000000E+01
      7112      1778  0.50000000000000E+01
      7116      1779  0.50000000000000E+01
      7120      1780  0.50000000000000E+01
      7124      1781  0.50000000000000E+01
      7128      1782  0.50000000000000E+01
      7132      1783  0.50000000000000E+01
      7136      1784  0.50000000000000E+01
      7140      1785  0.50000000000000E+01
      7144      1786  0.50000000000000E+01
      7148      1787  0.50000000000000E+01
      7152      1788  0.50000000000000E+01
      7156      1789  0.50000000000000E+01
      7160      1790  0.50000000000000E+01
      7164      1791  0.50000000000000E+01
      7168      1792  0.50000000000000E+01
      7172      1793  0.50000000000000E+01
      7176      1794  0.50000000000000E+01
      7180      1795  0.50000000000000E+01
      7184      1796  0.50000000000000E+01
      7188      1797  0.50000000000000E+01
      7192      1798  0.50000000000000E+01
      7196      1799  0.50000000000000E+01
      7200      1800  0.50000000000000E+01
      7204      1801  0.50000000000000E+01
      7208      1802  0.50000000000000E+01
      7212      1803  0.50000000000000E+01
      7216      1804  0.50000000000000E+01
      7220      1805  0.50000000000000E+01
      7224      1806  0.50000000000000E+01
      7228      1807  0.50000000000000E+01
      7232      1808  0.50000000000000E+01
      7236      1809  0.50000000000000E+01
      7240      1810  0.50000000000000E+01
      7244      1811  0.50000000000000E+01
      7248      1812  0.50000000000000E+01
      7252      1813  0.50000000000000E+01
      7256      1814  0.50000000000000E+01
      7260      1815  0.50000000000000E+01
      7264      1816  0.50000000000000E+01
      7268      1817  0.50000000000000E+01
      7272      1818  0.50000000000000E+01
      7276      1819  0.50000000000000E+01
      7280      1820  0.50000000000000E+01
      7284      1821  0.50000000000000E+01
      7288      1822  0.50000000000000E+01
      7292      1823  0.50000000000000E+01
      7296      1824  0.50000000000000E+01
      7300      1825  0.50000000000000E+01
      7304      1826  0.50000000000000E+01
      7308      1827  0.50000000000000E+01
      7312      1828  0.50000000000000E+01
      7316      1829  0.50000000000000E+01
      7320      1830  0.50000000000000E+01
      7324      1831  0.50000000000000E+01
      7328      1832  0.50000000000000E+01
      7332      1833  0.50000000000000E+01
      7336      1834  0.50000000000000E+01
      7340      1835  0.50000000000000E+01
      7344      1836  0.50000000000000E+01
      7348      1837  0.50000000000000E+01
      7352      1838  0.50000000000000E+01
      7356      1839  0.50000000000000E+01
      7360      1840  0.50000000000000E+01
      7364      1841  0.50000000000000E+01
      7368      1842  0.50000000000000E+01
      7372      1843  0.50000000000000E+01
      7376      1844  0.50000000000000E+01
      7380      1845  0.50000000000000E+01
      7384      1846  0.50000000000000E+01
      7388      1847  0.50000000000000E+01
      7392      1848  0.50000000000000E+01
      7396      1849  0.50000000000000E+01
      7400      1850  0.50000000000000E+01
      7404      1851  0.50000000000000E+01
      7408      1852  0.50000000000000E+01
      7412      1853  0.50000000000000E+01
      7416      1854  0.50000000000000E+01
      7420      1855  0.50000000000000E+01
      7424      1856  0.50000000000000E+01
      7428      1857  0.50000000000000E+01
      7432      1858  0.50000000000000E+01
      7436      1859  0.50000000000000E+01
      7440      1860  0.50000000000000E+01
      7444      1861  0.50000000000000E+01
      7448      1862  0.50000000000000E+01
      7452      1863  0.50000000000000E+01
      7456      1864  0.50000000000000E+01
      7460      1865  0.50000000000000E+01
      7464      1866  0.50000000000000E+01
      7468      1867  0.50000000000000E+01
      7472      1868  0.50000000000000E+01
      7476      1869  0.50000000000000E+01
      7480      1870  0.50000000000000E+01
      7484      1871  0.50000000000000E+01
      7488      1872  0.50000000000000E+01
      7492      1873  0.50000000000000E+01
      7496      1874  0.50000000000000E+01
      7500      1875  0.50000000000000E+01
      7504      1876  0.50000000000000E+01
      7508      1877  0.50000000000000E+01
      7512      1878  0.50000000000000E+01
      7516      1879  0.50000000000000E+01
      7520      1880  0.50000000000000E+01
      7524      1881  0.50000000000000E+01
      7528      1882  0.50000000000000E+01
      7532      1883  0.50000000000000E+01
      7536      1884  0.50000000000000E+01
      7540      1885  0.50000000000000E+01
      7544      1886  0.50000000000000E+01
      7548      1887  0.50000000000000E+01
      7552      1888  0.50000000000000E+01
      7556      1889  0.50000000000000E+01
      7560      1890  0.50000000000000E+01
      7564      1891  0.50000000000000E+01
      7568      1892  0.50000000000000E+01
      7572      1893  0.50000000000000E+01
      7576      1894  0.50000000000000E+01
      7580      1895  0.50000000000000E+01
      7584      1896  0.50000000000000E+01
      7588      1897  0.50000000000000E+01
      7592      1898  0.50000000000000E+01
      7596      1899  0.50000000000000E+01
      7600      1900  0.50000000000000E+01
      7604      1901  0.50000000000000E+01
      7608      1902  0.50000000000000E+01
      7612      1903  0.50000000000000E+01
      7616      1904  0.50000000000000E+01
      7620      1905  0.50000000000000E+01
      7624      1906  0.50000000000000E+01
      7628      1907  0.50000000000000E+01
      7632      1908  0.50000000000000E+01
      7636      1909  0.50000000000000E+01
      7640      1910  0.50000000000000E+01
      7644      1911  0.50000000000000E+01
      7648      1912  0.50000000000000E+01
      7652      1913  0.50000000000000E+01
      7656      1914  0.50000000000000E+01
      7660      1915  0.50000000000000E+01
      7664      1916  0.50000000000000E+01
      7668      1917  0.50000000000000E+01
      7672      1918  0.50000000000000E+01
      7676      1919  0.50000000000000E+01
      7680      1920  0.50000000000000E+01
      7684      1921  0.50000000000000E+01
      7688      1922  0.50000000000000E+01
      7692      1923  0.50000000000000E+01
      7696      1924  0.50000000000000E+01
      7700      1925  0.50000000000000E+01
      7704      1926  0.50000000000000E+01
      7708      1927  0.50000000000000E+01
      7712      1928  0.50000000000000E+01
      7716      1929  0.50000000000000E+01
      7720      1930  0.50000000000000E+01
      7724      1931  0.50000000000000E+01
      7728      1932  0.50000000000000E+01
      7732      1933  0.50000000000000E+01
      7736      1934  0.50000000000000E+01
      7740      1935  0.50000000000000E+01
      7744      1936  0.50000000000000E+01
      7748      1937  0.50000000000000E+01
      7752      1938  0.50000000000000E+01
      7756      1939  0.50000000000000E+01
      7760      1940  0.50000000000000E+01
      7764      1941  0.50000000000000E+01
      7768      1942  0.50000000000000E+01
      7772      1943  0.50000000000000E+01
      7776      1944  0.50000000000000E+01
      7780      1945  0.50000000000000E+01
      7784      1946  0.50000000000000E+01
      7788      1947  0.50000000000000E+01
      7792      1948  0.50000000000000E+01
      7796      1949  0.50000000000000E+01
      7800      1950  0.50000000000000E+01
      7804      1951  0.50000000000000E+01
      7808      1952  0.50000000000000E+01
      7812      1953  0.50000000000000E+01
      7816      1954  0.50000000000000E+01
      7820      1955  0.50000000000000E+01
      7824      1956  0.50000000000000E+01
      7828      1957  0.50000000000000E+01
      7832      1958  0.50000000000000E+01
      7836      1959  0.50000000000000E+01
      7840      1960  0.50000000000000E+01
      7844      1961  0.50000000000000E+01
      7848      1962  0.50000000000000E+01
      7852      1963  0.50000000000000E+01
      7856      1964  0.50000000000000E+01
      7860      1965  0.50000000000000E+01
      7864      1966  0.50000000000000E+01
      7868      1967  0.50000000000000E+01
      7872      1968  0.50000000000000E+01
      7876      1969  0.50000000000000E+01
      7880      1970  0.50000000000000E+01
      7884      1971  0.50000000000000E+01
      7888      1972  0.50000000000000E+01
      7892      1973  0.50000000000000E+01
      7896      1974  0.50000000000000E+01
      7900      1975  0.50000000000000E+01
      7904      1976  0.50000000000000E+01
      7908      1977  0.50000000000000E+01
      7912      1978  0.50000000000000E+01
      7916      1979  0.50000000000000E+01
      7920      1980  0.50000000000000E+01
      7924      1981  0.50000000000000E+01
      7928      1982  0.50000000000000E+01
      7932      1983  0.50000000000000E+01
      7936      1984  0.50000000000000E+01
      7940      1985  0.50000000000000E+01
      7944      1986  0.50000000000000E+01
      7948      1987  0.50000000000000E+01
      7952      1988  0.50000000000000E+01
      7956      1989  0.50000000000000E+01
      7960      1990  0.50000000000000E+01
      7964      1991  0.50000000000000E+01
      7968      1992  0.50000000000000E+01
      7972      1993  0.50000000000000E+01
      7976      1994  0.50000000000000E+01
      7980      1995  0.50000000000000E+01
      7984      1996  0.50000000000000E+01
      7988      1997  0.50000000000000E+01
      7992      1998  0.50000000000000E+01
      7996      1999  0.50000000000000E+01
      8000      2000  0.50000000000000E+01
