         2         1  0.50000000000000E+01
         5         2  0.50000000000000E+01
         8         3  0.50000000000000E+01
        11         4  0.50000000000000E+01
        14         5  0.50000000000000E+01
        17         6  0.50000000000000E+01
        20         7  0.50000000000000E+01
        23         8  0.50000000000000E+01
        26         9  0.50000000000000E+01
        29        10  0.50000000000000E+01
        32        11  0.50000000000000E+01
        35        12  0.50000000000000E+01
        38        13  0.50000000000000E+01
        41        14  0.50000000000000E+01
        44        15  0.50000000000000E+01
        47        16  0.50000000000000E+01
        50        17  0.50000000000000E+01
        53        18  0.50000000000000E+01
        56        19  0.50000000000000E+01
        59        20  0.50000000000000E+01
        62        21  0.50000000000000E+01
        65        22  0.50000000000000E+01
        68        23  0.50000000000000E+01
        71        24  0.50000000000000E+01
        74        25  0.50000000000000E+01
        77        26  0.50000000000000E+01
        80        27  0.50000000000000E+01
        83        28  0.50000000000000E+01
        86        29  0.50000000000000E+01
        89        30  0.50000000000000E+01
        92        31  0.50000000000000E+01
        95        32  0.50000000000000E+01
        98        33  0.50000000000000E+01
       101        34  0.50000000000000E+01
       104        35  0.50000000000000E+01
       107        36  0.50000000000000E+01
       110        37  0.50000000000000E+01
       113        38  0.50000000000000E+01
       116        39  0.50000000000000E+01
       119        40  0.50000000000000E+01
       122        41  0.50000000000000E+01
       125        42  0.50000000000000E+01
       128        43  0.50000000000000E+01
       131        44  0.50000000000000E+01
       134        45  0.50000000000000E+01
       137        46  0.50000000000000E+01
       140        47  0.50000000000000E+01
       143        48  0.50000000000000E+01
       146        49  0.50000000000000E+01
       149        50  0.50000000000000E+01
       152        51  0.50000000000000E+01
       155        52  0.50000000000000E+01
       158        53  0.50000000000000E+01
       161        54  0.50000000000000E+01
       164        55  0.50000000000000E+01
       167        56  0.50000000000000E+01
       170        57  0.50000000000000E+01
       173        58  0.50000000000000E+01
       176        59  0.50000000000000E+01
       179        60  0.50000000000000E+01
       182        61  0.50000000000000E+01
       185        62  0.50000000000000E+01
       188        63  0.50000000000000E+01
       191        64  0.50000000000000E+01
       194        65  0.50000000000000E+01
       197        66  0.50000000000000E+01
       200        67  0.50000000000000E+01
       203        68  0.50000000000000E+01
       206        69  0.50000000000000E+01
       209        70  0.50000000000000E+01
       212        71  0.50000000000000E+01
       215        72  0.50000000000000E+01
       218        73  0.50000000000000E+01
       221        74  0.50000000000000E+01
       224        75  0.50000000000000E+01
       227        76  0.50000000000000E+01
       230        77  0.50000000000000E+01
       233        78  0.50000000000000E+01
       236        79  0.50000000000000E+01
       239        80  0.50000000000000E+01
       242        81  0.50000000000000E+01
       245        82  0.50000000000000E+01
       248        83  0.50000000000000E+01
       251        84  0.50000000000000E+01
       254        85  0.50000000000000E+01
       257        86  0.50000000000000E+01
       260        87  0.50000000000000E+01
       263        88  0.50000000000000E+01
       266        89  0.50000000000000E+01
       269        90  0.50000000000000E+01
       272        91  0.50000000000000E+01
       275        92  0.50000000000000E+01
       278        93  0.50000000000000E+01
       281        94  0.50000000000000E+01
       284        95  0.50000000000000E+01
       287        96  0.50000000000000E+01
       290        97  0.50000000000000E+01
       293        98  0.50000000000000E+01
       296        99  0.50000000000000E+01
       299       100  0.50000000000000E+01
       302       101  0.50000000000000E+01
       305       102  0.50000000000000E+01
       308       103  0.50000000000000E+01
       311       104  0.50000000000000E+01
       314       105  0.50000000000000E+01
       317       106  0.50000000000000E+01
       320       107  0.50000000000000E+01
       323       108  0.50000000000000E+01
       326       109  0.50000000000000E+01
       329       110  0.50000000000000E+01
       332       111  0.50000000000000E+01
       335       112  0.50000000000000E+01
       338       113  0.50000000000000E+01
       341       114  0.50000000000000E+01
       344       115  0.50000000000000E+01
       347       116  0.50000000000000E+01
       350       117  0.50000000000000E+01
       353       118  0.50000000000000E+01
       356       119  0.50000000000000E+01
       359       120  0.50000000000000E+01
       362       121  0.50000000000000E+01
       365       122  0.50000000000000E+01
       368       123  0.50000000000000E+01
       371       124  0.50000000000000E+01
       374       125  0.50000000000000E+01
       377       126  0.50000000000000E+01
       380       127  0.50000000000000E+01
       383       128  0.50000000000000E+01
       386       129  0.50000000000000E+01
       389       130  0.50000000000000E+01
       392       131  0.50000000000000E+01
       395       132  0.50000000000000E+01
       398       133  0.50000000000000E+01
       401       134  0.50000000000000E+01
       404       135  0.50000000000000E+01
       407       136  0.50000000000000E+01
       410       137  0.50000000000000E+01
       413       138  0.50000000000000E+01
       416       139  0.50000000000000E+01
       419       140  0.50000000000000E+01
       422       141  0.50000000000000E+01
       425       142  0.50000000000000E+01
       428       143  0.50000000000000E+01
       431       144  0.50000000000000E+01
       434       145  0.50000000000000E+01
       437       146  0.50000000000000E+01
       440       147  0.50000000000000E+01
       443       148  0.50000000000000E+01
       446       149  0.50000000000000E+01
       449       150  0.50000000000000E+01
       452       151  0.50000000000000E+01
       455       152  0.50000000000000E+01
       458       153  0.50000000000000E+01
       461       154  0.50000000000000E+01
       464       155  0.50000000000000E+01
       467       156  0.50000000000000E+01
       470       157  0.50000000000000E+01
       473       158  0.50000000000000E+01
       476       159  0.50000000000000E+01
       479       160  0.50000000000000E+01
       482       161  0.50000000000000E+01
       485       162  0.50000000000000E+01
       488       163  0.50000000000000E+01
       491       164  0.50000000000000E+01
       494       165  0.50000000000000E+01
       497       166  0.50000000000000E+01
       500       167  0.50000000000000E+01
       503       168  0.50000000000000E+01
       506       169  0.50000000000000E+01
       509       170  0.50000000000000E+01
       512       171  0.50000000000000E+01
       515       172  0.50000000000000E+01
       518       173  0.50000000000000E+01
       521       174  0.50000000000000E+01
       524       175  0.50000000000000E+01
       527       176  0.50000000000000E+01
       530       177  0.50000000000000E+01
       533       178  0.50000000000000E+01
       536       179  0.50000000000000E+01
       539       180  0.50000000000000E+01
       542       181  0.50000000000000E+01
       545       182  0.50000000000000E+01
       548       183  0.50000000000000E+01
       551       184  0.50000000000000E+01
       554       185  0.50000000000000E+01
       557       186  0.50000000000000E+01
       560       187  0.50000000000000E+01
       563       188  0.50000000000000E+01
       566       189  0.50000000000000E+01
       569       190  0.50000000000000E+01
       572       191  0.50000000000000E+01
       575       192  0.50000000000000E+01
       578       193  0.50000000000000E+01
       581       194  0.50000000000000E+01
       584       195  0.50000000000000E+01
       587       196  0.50000000000000E+01
       590       197  0.50000000000000E+01
       593       198  0.50000000000000E+01
       596       199  0.50000000000000E+01
       599       200  0.50000000000000E+01
       602       201  0.50000000000000E+01
       605       202  0.50000000000000E+01
       608       203  0.50000000000000E+01
       611       204  0.50000000000000E+01
       614       205  0.50000000000000E+01
       617       206  0.50000000000000E+01
       620       207  0.50000000000000E+01
       623       208  0.50000000000000E+01
       626       209  0.50000000000000E+01
       629       210  0.50000000000000E+01
       632       211  0.50000000000000E+01
       635       212  0.50000000000000E+01
       638       213  0.50000000000000E+01
       641       214  0.50000000000000E+01
       644       215  0.50000000000000E+01
       647       216  0.50000000000000E+01
       650       217  0.50000000000000E+01
       653       218  0.50000000000000E+01
       656       219  0.50000000000000E+01
       659       220  0.50000000000000E+01
       662       221  0.50000000000000E+01
       665       222  0.50000000000000E+01
       668       223  0.50000000000000E+01
       671       224  0.50000000000000E+01
       674       225  0.50000000000000E+01
       677       226  0.50000000000000E+01
       680       227  0.50000000000000E+01
       683       228  0.50000000000000E+01
       686       229  0.50000000000000E+01
       689       230  0.50000000000000E+01
       692       231  0.50000000000000E+01
       695       232  0.50000000000000E+01
       698       233  0.50000000000000E+01
       701       234  0.50000000000000E+01
       704       235  0.50000000000000E+01
       707       236  0.50000000000000E+01
       710       237  0.50000000000000E+01
       713       238  0.50000000000000E+01
       716       239  0.50000000000000E+01
       719       240  0.50000000000000E+01
       722       241  0.50000000000000E+01
       725       242  0.50000000000000E+01
       728       243  0.50000000000000E+01
       731       244  0.50000000000000E+01
       734       245  0.50000000000000E+01
       737       246  0.50000000000000E+01
       740       247  0.50000000000000E+01
       743       248  0.50000000000000E+01
       746       249  0.50000000000000E+01
       749       250  0.50000000000000E+01
       752       251  0.50000000000000E+01
       755       252  0.50000000000000E+01
       758       253  0.50000000000000E+01
       761       254  0.50000000000000E+01
       764       255  0.50000000000000E+01
       767       256  0.50000000000000E+01
       770       257  0.50000000000000E+01
       773       258  0.50000000000000E+01
       776       259  0.50000000000000E+01
       779       260  0.50000000000000E+01
       782       261  0.50000000000000E+01
       785       262  0.50000000000000E+01
       788       263  0.50000000000000E+01
       791       264  0.50000000000000E+01
       794       265  0.50000000000000E+01
       797       266  0.50000000000000E+01
       800       267  0.50000000000000E+01
       803       268  0.50000000000000E+01
       806       269  0.50000000000000E+01
       809       270  0.50000000000000E+01
       812       271  0.50000000000000E+01
       815       272  0.50000000000000E+01
       818       273  0.50000000000000E+01
       821       274  0.50000000000000E+01
       824       275  0.50000000000000E+01
       827       276  0.50000000000000E+01
       830       277  0.50000000000000E+01
       833       278  0.50000000000000E+01
       836       279  0.50000000000000E+01
       839       280  0.50000000000000E+01
       842       281  0.50000000000000E+01
       845       282  0.50000000000000E+01
       848       283  0.50000000000000E+01
       851       284  0.50000000000000E+01
       854       285  0.50000000000000E+01
       857       286  0.50000000000000E+01
       860       287  0.50000000000000E+01
       863       288  0.50000000000000E+01
       866       289  0.50000000000000E+01
       869       290  0.50000000000000E+01
       872       291  0.50000000000000E+01
       875       292  0.50000000000000E+01
       878       293  0.50000000000000E+01
       881       294  0.50000000000000E+01
       884       295  0.50000000000000E+01
       887       296  0.50000000000000E+01
       890       297  0.50000000000000E+01
       893       298  0.50000000000000E+01
       896       299  0.50000000000000E+01
       899       300  0.50000000000000E+01
       902       301  0.50000000000000E+01
       905       302  0.50000000000000E+01
       908       303  0.50000000000000E+01
       911       304  0.50000000000000E+01
       914       305  0.50000000000000E+01
       917       306  0.50000000000000E+01
       920       307  0.50000000000000E+01
       923       308  0.50000000000000E+01
       926       309  0.50000000000000E+01
       929       310  0.50000000000000E+01
       932       311  0.50000000000000E+01
       935       312  0.50000000000000E+01
       938       313  0.50000000000000E+01
       941       314  0.50000000000000E+01
       944       315  0.50000000000000E+01
       947       316  0.50000000000000E+01
       950       317  0.50000000000000E+01
       953       318  0.50000000000000E+01
       956       319  0.50000000000000E+01
       959       320  0.50000000000000E+01
       962       321  0.50000000000000E+01
       965       322  0.50000000000000E+01
       968       323  0.50000000000000E+01
       971       324  0.50000000000000E+01
       974       325  0.50000000000000E+01
       977       326  0.50000000000000E+01
       980       327  0.50000000000000E+01
       983       328  0.50000000000000E+01
       986       329  0.50000000000000E+01
       989       330  0.50000000000000E+01
       992       331  0.50000000000000E+01
       995       332  0.50000000000000E+01
       998       333  0.50000000000000E+01
      1001       334  0.50000000000000E+01
      1004       335  0.50000000000000E+01
      1007       336  0.50000000000000E+01
      1010       337  0.50000000000000E+01
      1013       338  0.50000000000000E+01
      1016       339  0.50000000000000E+01
      1019       340  0.50000000000000E+01
      1022       341  0.50000000000000E+01
      1025       342  0.50000000000000E+01
      1028       343  0.50000000000000E+01
      1031       344  0.50000000000000E+01
      1034       345  0.50000000000000E+01
      1037       346  0.50000000000000E+01
      1040       347  0.50000000000000E+01
      1043       348  0.50000000000000E+01
      1046       349  0.50000000000000E+01
      1049       350  0.50000000000000E+01
      1052       351  0.50000000000000E+01
      1055       352  0.50000000000000E+01
      1058       353  0.50000000000000E+01
      1061       354  0.50000000000000E+01
      1064       355  0.50000000000000E+01
      1067       356  0.50000000000000E+01
      1070       357  0.50000000000000E+01
      1073       358  0.50000000000000E+01
      1076       359  0.50000000000000E+01
      1079       360  0.50000000000000E+01
      1082       361  0.50000000000000E+01
      1085       362  0.50000000000000E+01
      1088       363  0.50000000000000E+01
      1091       364  0.50000000000000E+01
      1094       365  0.50000000000000E+01
      1097       366  0.50000000000000E+01
      1100       367  0.50000000000000E+01
      1103       368  0.50000000000000E+01
      1106       369  0.50000000000000E+01
      1109       370  0.50000000000000E+01
      1112       371  0.50000000000000E+01
      1115       372  0.50000000000000E+01
      1118       373  0.50000000000000E+01
      1121       374  0.50000000000000E+01
      1124       375  0.50000000000000E+01
      1127       376  0.50000000000000E+01
      1130       377  0.50000000000000E+01
      1133       378  0.50000000000000E+01
      1136       379  0.50000000000000E+01
      1139       380  0.50000000000000E+01
      1142       381  0.50000000000000E+01
      1145       382  0.50000000000000E+01
      1148       383  0.50000000000000E+01
      1151       384  0.50000000000000E+01
      1154       385  0.50000000000000E+01
      1157       386  0.50000000000000E+01
      1160       387  0.50000000000000E+01
      1163       388  0.50000000000000E+01
      1166       389  0.50000000000000E+01
      1169       390  0.50000000000000E+01
      1172       391  0.50000000000000E+01
      1175       392  0.50000000000000E+01
      1178       393  0.50000000000000E+01
      1181       394  0.50000000000000E+01
      1184       395  0.50000000000000E+01
      1187       396  0.50000000000000E+01
      1190       397  0.50000000000000E+01
      1193       398  0.50000000000000E+01
      1196       399  0.50000000000000E+01
      1199       400  0.50000000000000E+01
      1202       401  0.50000000000000E+01
      1205       402  0.50000000000000E+01
      1208       403  0.50000000000000E+01
      1211       404  0.50000000000000E+01
      1214       405  0.50000000000000E+01
      1217       406  0.50000000000000E+01
      1220       407  0.50000000000000E+01
      1223       408  0.50000000000000E+01
      1226       409  0.50000000000000E+01
      1229       410  0.50000000000000E+01
      1232       411  0.50000000000000E+01
      1235       412  0.50000000000000E+01
      1238       413  0.50000000000000E+01
      1241       414  0.50000000000000E+01
      1244       415  0.50000000000000E+01
      1247       416  0.50000000000000E+01
      1250       417  0.50000000000000E+01
      1253       418  0.50000000000000E+01
      1256       419  0.50000000000000E+01
      1259       420  0.50000000000000E+01
      1262       421  0.50000000000000E+01
      1265       422  0.50000000000000E+01
      1268       423  0.50000000000000E+01
      1271       424  0.50000000000000E+01
      1274       425  0.50000000000000E+01
      1277       426  0.50000000000000E+01
      1280       427  0.50000000000000E+01
      1283       428  0.50000000000000E+01
      1286       429  0.50000000000000E+01
      1289       430  0.50000000000000E+01
      1292       431  0.50000000000000E+01
      1295       432  0.50000000000000E+01
      1298       433  0.50000000000000E+01
      1301       434  0.50000000000000E+01
      1304       435  0.50000000000000E+01
      1307       436  0.50000000000000E+01
      1310       437  0.50000000000000E+01
      1313       438  0.50000000000000E+01
      1316       439  0.50000000000000E+01
      1319       440  0.50000000000000E+01
      1322       441  0.50000000000000E+01
      1325       442  0.50000000000000E+01
      1328       443  0.50000000000000E+01
      1331       444  0.50000000000000E+01
      1334       445  0.50000000000000E+01
      1337       446  0.50000000000000E+01
      1340       447  0.50000000000000E+01
      1343       448  0.50000000000000E+01
      1346       449  0.50000000000000E+01
      1349       450  0.50000000000000E+01
      1352       451  0.50000000000000E+01
      1355       452  0.50000000000000E+01
      1358       453  0.50000000000000E+01
      1361       454  0.50000000000000E+01
      1364       455  0.50000000000000E+01
      1367       456  0.50000000000000E+01
      1370       457  0.50000000000000E+01
      1373       458  0.50000000000000E+01
      1376       459  0.50000000000000E+01
      1379       460  0.50000000000000E+01
      1382       461  0.50000000000000E+01
      1385       462  0.50000000000000E+01
      1388       463  0.50000000000000E+01
      1391       464  0.50000000000000E+01
      1394       465  0.50000000000000E+01
      1397       466  0.50000000000000E+01
      1400       467  0.50000000000000E+01
      1403       468  0.50000000000000E+01
      1406       469  0.50000000000000E+01
      1409       470  0.50000000000000E+01
      1412       471  0.50000000000000E+01
      1415       472  0.50000000000000E+01
      1418       473  0.50000000000000E+01
      1421       474  0.50000000000000E+01
      1424       475  0.50000000000000E+01
      1427       476  0.50000000000000E+01
      1430       477  0.50000000000000E+01
      1433       478  0.50000000000000E+01
      1436       479  0.50000000000000E+01
      1439       480  0.50000000000000E+01
      1442       481  0.50000000000000E+01
      1445       482  0.50000000000000E+01
      1448       483  0.50000000000000E+01
      1451       484  0.50000000000000E+01
      1454       485  0.50000000000000E+01
      1457       486  0.50000000000000E+01
      1460       487  0.50000000000000E+01
      1463       488  0.50000000000000E+01
      1466       489  0.50000000000000E+01
      1469       490  0.50000000000000E+01
      1472       491  0.50000000000000E+01
      1475       492  0.50000000000000E+01
      1478       493  0.50000000000000E+01
      1481       494  0.50000000000000E+01
      1484       495  0.50000000000000E+01
      1487       496  0.50000000000000E+01
      1490       497  0.50000000000000E+01
      1493       498  0.50000000000000E+01
      1496       499  0.50000000000000E+01
      1499       500  0.50000000000000E+01
      1502       501  0.50000000000000E+01
      1505       502  0.50000000000000E+01
      1508       503  0.50000000000000E+01
      1511       504  0.50000000000000E+01
      1514       505  0.50000000000000E+01
      1517       506  0.50000000000000E+01
      1520       507  0.50000000000000E+01
      1523       508  0.50000000000000E+01
      1526       509  0.50000000000000E+01
      1529       510  0.50000000000000E+01
      1532       511  0.50000000000000E+01
      1535       512  0.50000000000000E+01
      1538       513  0.50000000000000E+01
      1541       514  0.50000000000000E+01
      1544       515  0.50000000000000E+01
      1547       516  0.50000000000000E+01
      1550       517  0.50000000000000E+01
      1553       518  0.50000000000000E+01
      1556       519  0.50000000000000E+01
      1559       520  0.50000000000000E+01
      1562       521  0.50000000000000E+01
      1565       522  0.50000000000000E+01
      1568       523  0.50000000000000E+01
      1571       524  0.50000000000000E+01
      1574       525  0.50000000000000E+01
      1577       526  0.50000000000000E+01
      1580       527  0.50000000000000E+01
      1583       528  0.50000000000000E+01
      1586       529  0.50000000000000E+01
      1589       530  0.50000000000000E+01
      1592       531  0.50000000000000E+01
      1595       532  0.50000000000000E+01
      1598       533  0.50000000000000E+01
      1601       534  0.50000000000000E+01
      1604       535  0.50000000000000E+01
      1607       536  0.50000000000000E+01
      1610       537  0.50000000000000E+01
      1613       538  0.50000000000000E+01
      1616       539  0.50000000000000E+01
      1619       540  0.50000000000000E+01
      1622       541  0.50000000000000E+01
      1625       542  0.50000000000000E+01
      1628       543  0.50000000000000E+01
      1631       544  0.50000000000000E+01
      1634       545  0.50000000000000E+01
      1637       546  0.50000000000000E+01
      1640       547  0.50000000000000E+01
      1643       548  0.50000000000000E+01
      1646       549  0.50000000000000E+01
      1649       550  0.50000000000000E+01
      1652       551  0.50000000000000E+01
      1655       552  0.50000000000000E+01
      1658       553  0.50000000000000E+01
      1661       554  0.50000000000000E+01
      1664       555  0.50000000000000E+01
      1667       556  0.50000000000000E+01
      1670       557  0.50000000000000E+01
      1673       558  0.50000000000000E+01
      1676       559  0.50000000000000E+01
      1679       560  0.50000000000000E+01
      1682       561  0.50000000000000E+01
      1685       562  0.50000000000000E+01
      1688       563  0.50000000000000E+01
      1691       564  0.50000000000000E+01
      1694       565  0.50000000000000E+01
      1697       566  0.50000000000000E+01
      1700       567  0.50000000000000E+01
      1703       568  0.50000000000000E+01
      1706       569  0.50000000000000E+01
      1709       570  0.50000000000000E+01
      1712       571  0.50000000000000E+01
      1715       572  0.50000000000000E+01
      1718       573  0.50000000000000E+01
      1721       574  0.50000000000000E+01
      1724       575  0.50000000000000E+01
      1727       576  0.50000000000000E+01
      1730       577  0.50000000000000E+01
      1733       578  0.50000000000000E+01
      1736       579  0.50000000000000E+01
      1739       580  0.50000000000000E+01
      1742       581  0.50000000000000E+01
      1745       582  0.50000000000000E+01
      1748       583  0.50000000000000E+01
      1751       584  0.50000000000000E+01
      1754       585  0.50000000000000E+01
      1757       586  0.50000000000000E+01
      1760       587  0.50000000000000E+01
      1763       588  0.50000000000000E+01
      1766       589  0.50000000000000E+01
      1769       590  0.50000000000000E+01
      1772       591  0.50000000000000E+01
      1775       592  0.50000000000000E+01
      1778       593  0.50000000000000E+01
      1781       594  0.50000000000000E+01
      1784       595  0.50000000000000E+01
      1787       596  0.50000000000000E+01
      1790       597  0.50000000000000E+01
      1793       598  0.50000000000000E+01
      1796       599  0.50000000000000E+01
      1799       600  0.50000000000000E+01
      1802       601  0.50000000000000E+01
      1805       602  0.50000000000000E+01
      1808       603  0.50000000000000E+01
      1811       604  0.50000000000000E+01
      1814       605  0.50000000000000E+01
      1817       606  0.50000000000000E+01
      1820       607  0.50000000000000E+01
      1823       608  0.50000000000000E+01
      1826       609  0.50000000000000E+01
      1829       610  0.50000000000000E+01
      1832       611  0.50000000000000E+01
      1835       612  0.50000000000000E+01
      1838       613  0.50000000000000E+01
      1841       614  0.50000000000000E+01
      1844       615  0.50000000000000E+01
      1847       616  0.50000000000000E+01
      1850       617  0.50000000000000E+01
      1853       618  0.50000000000000E+01
      1856       619  0.50000000000000E+01
      1859       620  0.50000000000000E+01
      1862       621  0.50000000000000E+01
      1865       622  0.50000000000000E+01
      1868       623  0.50000000000000E+01
      1871       624  0.50000000000000E+01
      1874       625  0.50000000000000E+01
      1877       626  0.50000000000000E+01
      1880       627  0.50000000000000E+01
      1883       628  0.50000000000000E+01
      1886       629  0.50000000000000E+01
      1889       630  0.50000000000000E+01
      1892       631  0.50000000000000E+01
      1895       632  0.50000000000000E+01
      1898       633  0.50000000000000E+01
      1901       634  0.50000000000000E+01
      1904       635  0.50000000000000E+01
      1907       636  0.50000000000000E+01
      1910       637  0.50000000000000E+01
      1913       638  0.50000000000000E+01
      1916       639  0.50000000000000E+01
      1919       640  0.50000000000000E+01
      1922       641  0.50000000000000E+01
      1925       642  0.50000000000000E+01
      1928       643  0.50000000000000E+01
      1931       644  0.50000000000000E+01
      1934       645  0.50000000000000E+01
      1937       646  0.50000000000000E+01
      1940       647  0.50000000000000E+01
      1943       648  0.50000000000000E+01
      1946       649  0.50000000000000E+01
      1949       650  0.50000000000000E+01
      1952       651  0.50000000000000E+01
      1955       652  0.50000000000000E+01
      1958       653  0.50000000000000E+01
      1961       654  0.50000000000000E+01
      1964       655  0.50000000000000E+01
      1967       656  0.50000000000000E+01
      1970       657  0.50000000000000E+01
      1973       658  0.50000000000000E+01
      1976       659  0.50000000000000E+01
      1979       660  0.50000000000000E+01
      1982       661  0.50000000000000E+01
      1985       662  0.50000000000000E+01
      1988       663  0.50000000000000E+01
      1991       664  0.50000000000000E+01
      1994       665  0.50000000000000E+01
      1997       666  0.50000000000000E+01
      2000       667  0.50000000000000E+01
      2003       668  0.50000000000000E+01
      2006       669  0.50000000000000E+01
      2009       670  0.50000000000000E+01
      2012       671  0.50000000000000E+01
      2015       672  0.50000000000000E+01
      2018       673  0.50000000000000E+01
      2021       674  0.50000000000000E+01
      2024       675  0.50000000000000E+01
      2027       676  0.50000000000000E+01
      2030       677  0.50000000000000E+01
      2033       678  0.50000000000000E+01
      2036       679  0.50000000000000E+01
      2039       680  0.50000000000000E+01
      2042       681  0.50000000000000E+01
      2045       682  0.50000000000000E+01
      2048       683  0.50000000000000E+01
      2051       684  0.50000000000000E+01
      2054       685  0.50000000000000E+01
      2057       686  0.50000000000000E+01
      2060       687  0.50000000000000E+01
      2063       688  0.50000000000000E+01
      2066       689  0.50000000000000E+01
      2069       690  0.50000000000000E+01
      2072       691  0.50000000000000E+01
      2075       692  0.50000000000000E+01
      2078       693  0.50000000000000E+01
      2081       694  0.50000000000000E+01
      2084       695  0.50000000000000E+01
      2087       696  0.50000000000000E+01
      2090       697  0.50000000000000E+01
      2093       698  0.50000000000000E+01
      2096       699  0.50000000000000E+01
      2099       700  0.50000000000000E+01
      2102       701  0.50000000000000E+01
      2105       702  0.50000000000000E+01
      2108       703  0.50000000000000E+01
      2111       704  0.50000000000000E+01
      2114       705  0.50000000000000E+01
      2117       706  0.50000000000000E+01
      2120       707  0.50000000000000E+01
      2123       708  0.50000000000000E+01
      2126       709  0.50000000000000E+01
      2129       710  0.50000000000000E+01
      2132       711  0.50000000000000E+01
      2135       712  0.50000000000000E+01
      2138       713  0.50000000000000E+01
      2141       714  0.50000000000000E+01
      2144       715  0.50000000000000E+01
      2147       716  0.50000000000000E+01
      2150       717  0.50000000000000E+01
      2153       718  0.50000000000000E+01
      2156       719  0.50000000000000E+01
      2159       720  0.50000000000000E+01
      2162       721  0.50000000000000E+01
      2165       722  0.50000000000000E+01
      2168       723  0.50000000000000E+01
      2171       724  0.50000000000000E+01
      2174       725  0.50000000000000E+01
      2177       726  0.50000000000000E+01
      2180       727  0.50000000000000E+01
      2183       728  0.50000000000000E+01
      2186       729  0.50000000000000E+01
      2189       730  0.50000000000000E+01
      2192       731  0.50000000000000E+01
      2195       732  0.50000000000000E+01
      2198       733  0.50000000000000E+01
      2201       734  0.50000000000000E+01
      2204       735  0.50000000000000E+01
      2207       736  0.50000000000000E+01
      2210       737  0.50000000000000E+01
      2213       738  0.50000000000000E+01
      2216       739  0.50000000000000E+01
      2219       740  0.50000000000000E+01
      2222       741  0.50000000000000E+01
      2225       742  0.50000000000000E+01
      2228       743  0.50000000000000E+01
      2231       744  0.50000000000000E+01
      2234       745  0.50000000000000E+01
      2237       746  0.50000000000000E+01
      2240       747  0.50000000000000E+01
      2243       748  0.50000000000000E+01
      2246       749  0.50000000000000E+01
      2249       750  0.50000000000000E+01
      2252       751  0.50000000000000E+01
      2255       752  0.50000000000000E+01
      2258       753  0.50000000000000E+01
      2261       754  0.50000000000000E+01
      2264       755  0.50000000000000E+01
      2267       756  0.50000000000000E+01
      2270       757  0.50000000000000E+01
      2273       758  0.50000000000000E+01
      2276       759  0.50000000000000E+01
      2279       760  0.50000000000000E+01
      2282       761  0.50000000000000E+01
      2285       762  0.50000000000000E+01
      2288       763  0.50000000000000E+01
      2291       764  0.50000000000000E+01
      2294       765  0.50000000000000E+01
      2297       766  0.50000000000000E+01
      2300       767  0.50000000000000E+01
      2303       768  0.50000000000000E+01
      2306       769  0.50000000000000E+01
      2309       770  0.50000000000000E+01
      2312       771  0.50000000000000E+01
      2315       772  0.50000000000000E+01
      2318       773  0.50000000000000E+01
      2321       774  0.50000000000000E+01
      2324       775  0.50000000000000E+01
      2327       776  0.50000000000000E+01
      2330       777  0.50000000000000E+01
      2333       778  0.50000000000000E+01
      2336       779  0.50000000000000E+01
      2339       780  0.50000000000000E+01
      2342       781  0.50000000000000E+01
      2345       782  0.50000000000000E+01
      2348       783  0.50000000000000E+01
      2351       784  0.50000000000000E+01
      2354       785  0.50000000000000E+01
      2357       786  0.50000000000000E+01
      2360       787  0.50000000000000E+01
      2363       788  0.50000000000000E+01
      2366       789  0.50000000000000E+01
      2369       790  0.50000000000000E+01
      2372       791  0.50000000000000E+01
      2375       792  0.50000000000000E+01
      2378       793  0.50000000000000E+01
      2381       794  0.50000000000000E+01
      2384       795  0.50000000000000E+01
      2387       796  0.50000000000000E+01
      2390       797  0.50000000000000E+01
      2393       798  0.50000000000000E+01
      2396       799  0.50000000000000E+01
      2399       800  0.50000000000000E+01
      2402       801  0.50000000000000E+01
      2405       802  0.50000000000000E+01
      2408       803  0.50000000000000E+01
      2411       804  0.50000000000000E+01
      2414       805  0.50000000000000E+01
      2417       806  0.50000000000000E+01
      2420       807  0.50000000000000E+01
      2423       808  0.50000000000000E+01
      2426       809  0.50000000000000E+01
      2429       810  0.50000000000000E+01
      2432       811  0.50000000000000E+01
      2435       812  0.50000000000000E+01
      2438       813  0.50000000000000E+01
      2441       814  0.50000000000000E+01
      2444       815  0.50000000000000E+01
      2447       816  0.50000000000000E+01
      2450       817  0.50000000000000E+01
      2453       818  0.50000000000000E+01
      2456       819  0.50000000000000E+01
      2459       820  0.50000000000000E+01
      2462       821  0.50000000000000E+01
      2465       822  0.50000000000000E+01
      2468       823  0.50000000000000E+01
      2471       824  0.50000000000000E+01
      2474       825  0.50000000000000E+01
      2477       826  0.50000000000000E+01
      2480       827  0.50000000000000E+01
      2483       828  0.50000000000000E+01
      2486       829  0.50000000000000E+01
      2489       830  0.50000000000000E+01
      2492       831  0.50000000000000E+01
      2495       832  0.50000000000000E+01
      2498       833  0.50000000000000E+01
      2501       834  0.50000000000000E+01
      2504       835  0.50000000000000E+01
      2507       836  0.50000000000000E+01
      2510       837  0.50000000000000E+01
      2513       838  0.50000000000000E+01
      2516       839  0.50000000000000E+01
      2519       840  0.50000000000000E+01
      2522       841  0.50000000000000E+01
      2525       842  0.50000000000000E+01
      2528       843  0.50000000000000E+01
      2531       844  0.50000000000000E+01
      2534       845  0.50000000000000E+01
      2537       846  0.50000000000000E+01
      2540       847  0.50000000000000E+01
      2543       848  0.50000000000000E+01
      2546       849  0.50000000000000E+01
      2549       850  0.50000000000000E+01
      2552       851  0.50000000000000E+01
      2555       852  0.50000000000000E+01
      2558       853  0.50000000000000E+01
      2561       854  0.50000000000000E+01
      2564       855  0.50000000000000E+01
      2567       856  0.50000000000000E+01
      2570       857  0.50000000000000E+01
      2573       858  0.50000000000000E+01
      2576       859  0.50000000000000E+01
      2579       860  0.50000000000000E+01
      2582       861  0.50000000000000E+01
      2585       862  0.50000000000000E+01
      2588       863  0.50000000000000E+01
      2591       864  0.50000000000000E+01
      2594       865  0.50000000000000E+01
      2597       866  0.50000000000000E+01
      2600       867  0.50000000000000E+01
      2603       868  0.50000000000000E+01
      2606       869  0.50000000000000E+01
      2609       870  0.50000000000000E+01
      2612       871  0.50000000000000E+01
      2615       872  0.50000000000000E+01
      2618       873  0.50000000000000E+01
      2621       874  0.50000000000000E+01
      2624       875  0.50000000000000E+01
      2627       876  0.50000000000000E+01
      2630       877  0.50000000000000E+01
      2633       878  0.50000000000000E+01
      2636       879  0.50000000000000E+01
      2639       880  0.50000000000000E+01
      2642       881  0.50000000000000E+01
      2645       882  0.50000000000000E+01
      2648       883  0.50000000000000E+01
      2651       884  0.50000000000000E+01
      2654       885  0.50000000000000E+01
      2657       886  0.50000000000000E+01
      2660       887  0.50000000000000E+01
      2663       888  0.50000000000000E+01
      2666       889  0.50000000000000E+01
      2669       890  0.50000000000000E+01
      2672       891  0.50000000000000E+01
      2675       892  0.50000000000000E+01
      2678       893  0.50000000000000E+01
      2681       894  0.50000000000000E+01
      2684       895  0.50000000000000E+01
      2687       896  0.50000000000000E+01
      2690       897  0.50000000000000E+01
      2693       898  0.50000000000000E+01
      2696       899  0.50000000000000E+01
      2699       900  0.50000000000000E+01
      2702       901  0.50000000000000E+01
      2705       902  0.50000000000000E+01
      2708       903  0.50000000000000E+01
      2711       904  0.50000000000000E+01
      2714       905  0.50000000000000E+01
      2717       906  0.50000000000000E+01
      2720       907  0.50000000000000E+01
      2723       908  0.50000000000000E+01
      2726       909  0.50000000000000E+01
      2729       910  0.50000000000000E+01
      2732       911  0.50000000000000E+01
      2735       912  0.50000000000000E+01
      2738       913  0.50000000000000E+01
      2741       914  0.50000000000000E+01
      2744       915  0.50000000000000E+01
      2747       916  0.50000000000000E+01
      2750       917  0.50000000000000E+01
      2753       918  0.50000000000000E+01
      2756       919  0.50000000000000E+01
      2759       920  0.50000000000000E+01
      2762       921  0.50000000000000E+01
      2765       922  0.50000000000000E+01
      2768       923  0.50000000000000E+01
      2771       924  0.50000000000000E+01
      2774       925  0.50000000000000E+01
      2777       926  0.50000000000000E+01
      2780       927  0.50000000000000E+01
      2783       928  0.50000000000000E+01
      2786       929  0.50000000000000E+01
      2789       930  0.50000000000000E+01
      2792       931  0.50000000000000E+01
      2795       932  0.50000000000000E+01
      2798       933  0.50000000000000E+01
      2801       934  0.50000000000000E+01
      2804       935  0.50000000000000E+01
      2807       936  0.50000000000000E+01
      2810       937  0.50000000000000E+01
      2813       938  0.50000000000000E+01
      2816       939  0.50000000000000E+01
      2819       940  0.50000000000000E+01
      2822       941  0.50000000000000E+01
      2825       942  0.50000000000000E+01
      2828       943  0.50000000000000E+01
      2831       944  0.50000000000000E+01
      2834       945  0.50000000000000E+01
      2837       946  0.50000000000000E+01
      2840       947  0.50000000000000E+01
      2843       948  0.50000000000000E+01
      2846       949  0.50000000000000E+01
      2849       950  0.50000000000000E+01
      2852       951  0.50000000000000E+01
      2855       952  0.50000000000000E+01
      2858       953  0.50000000000000E+01
      2861       954  0.50000000000000E+01
      2864       955  0.50000000000000E+01
      2867       956  0.50000000000000E+01
      2870       957  0.50000000000000E+01
      2873       958  0.50000000000000E+01
      2876       959  0.50000000000000E+01
      2879       960  0.50000000000000E+01
      2882       961  0.50000000000000E+01
      2885       962  0.50000000000000E+01
      2888       963  0.50000000000000E+01
      2891       964  0.50000000000000E+01
      2894       965  0.50000000000000E+01
      2897       966  0.50000000000000E+01
      2900       967  0.50000000000000E+01
      2903       968  0.50000000000000E+01
      2906       969  0.50000000000000E+01
      2909       970  0.50000000000000E+01
      2912       971  0.50000000000000E+01
      2915       972  0.50000000000000E+01
      2918       973  0.50000000000000E+01
      2921       974  0.50000000000000E+01
      2924       975  0.50000000000000E+01
      2927       976  0.50000000000000E+01
      2930       977  0.50000000000000E+01
      2933       978  0.50000000000000E+01
      2936       979  0.50000000000000E+01
      2939       980  0.50000000000000E+01
      2942       981  0.50000000000000E+01
      2945       982  0.50000000000000E+01
      2948       983  0.50000000000000E+01
      2951       984  0.50000000000000E+01
      2954       985  0.50000000000000E+01
      2957       986  0.50000000000000E+01
      2960       987  0.50000000000000E+01
      2963       988  0.50000000000000E+01
      2966       989  0.50000000000000E+01
      2969       990  0.50000000000000E+01
      2972       991  0.50000000000000E+01
      2975       992  0.50000000000000E+01
      2978       993  0.50000000000000E+01
      2981       994  0.50000000000000E+01
      2984       995  0.50000000000000E+01
      2987       996  0.50000000000000E+01
      2990       997  0.50000000000000E+01
      2993       998  0.50000000000000E+01
      2996       999  0.50000000000000E+01
      2999      1000  0.50000000000000E+01
      3002      1001  0.50000000000000E+01
      3005      1002  0.50000000000000E+01
      3008      1003  0.50000000000000E+01
      3011      1004  0.50000000000000E+01
      3014      1005  0.50000000000000E+01
      3017      1006  0.50000000000000E+01
      3020      1007  0.50000000000000E+01
      3023      1008  0.50000000000000E+01
      3026      1009  0.50000000000000E+01
      3029      1010  0.50000000000000E+01
      3032      1011  0.50000000000000E+01
      3035      1012  0.50000000000000E+01
      3038      1013  0.50000000000000E+01
      3041      1014  0.50000000000000E+01
      3044      1015  0.50000000000000E+01
      3047      1016  0.50000000000000E+01
      3050      1017  0.50000000000000E+01
      3053      1018  0.50000000000000E+01
      3056      1019  0.50000000000000E+01
      3059      1020  0.50000000000000E+01
      3062      1021  0.50000000000000E+01
      3065      1022  0.50000000000000E+01
      3068      1023  0.50000000000000E+01
      3071      1024  0.50000000000000E+01
      3074      1025  0.50000000000000E+01
      3077      1026  0.50000000000000E+01
      3080      1027  0.50000000000000E+01
      3083      1028  0.50000000000000E+01
      3086      1029  0.50000000000000E+01
      3089      1030  0.50000000000000E+01
      3092      1031  0.50000000000000E+01
      3095      1032  0.50000000000000E+01
      3098      1033  0.50000000000000E+01
      3101      1034  0.50000000000000E+01
      3104      1035  0.50000000000000E+01
      3107      1036  0.50000000000000E+01
      3110      1037  0.50000000000000E+01
      3113      1038  0.50000000000000E+01
      3116      1039  0.50000000000000E+01
      3119      1040  0.50000000000000E+01
      3122      1041  0.50000000000000E+01
      3125      1042  0.50000000000000E+01
      3128      1043  0.50000000000000E+01
      3131      1044  0.50000000000000E+01
      3134      1045  0.50000000000000E+01
      3137      1046  0.50000000000000E+01
      3140      1047  0.50000000000000E+01
      3143      1048  0.50000000000000E+01
      3146      1049  0.50000000000000E+01
      3149      1050  0.50000000000000E+01
      3152      1051  0.50000000000000E+01
      3155      1052  0.50000000000000E+01
      3158      1053  0.50000000000000E+01
      3161      1054  0.50000000000000E+01
      3164      1055  0.50000000000000E+01
      3167      1056  0.50000000000000E+01
      3170      1057  0.50000000000000E+01
      3173      1058  0.50000000000000E+01
      3176      1059  0.50000000000000E+01
      3179      1060  0.50000000000000E+01
      3182      1061  0.50000000000000E+01
      3185      1062  0.50000000000000E+01
      3188      1063  0.50000000000000E+01
      3191      1064  0.50000000000000E+01
      3194      1065  0.50000000000000E+01
      3197      1066  0.50000000000000E+01
      3200      1067  0.50000000000000E+01
      3203      1068  0.50000000000000E+01
      3206      1069  0.50000000000000E+01
      3209      1070  0.50000000000000E+01
      3212      1071  0.50000000000000E+01
      3215      1072  0.50000000000000E+01
      3218      1073  0.50000000000000E+01
      3221      1074  0.50000000000000E+01
      3224      1075  0.50000000000000E+01
      3227      1076  0.50000000000000E+01
      3230      1077  0.50000000000000E+01
      3233      1078  0.50000000000000E+01
      3236      1079  0.50000000000000E+01
      3239      1080  0.50000000000000E+01
      3242      1081  0.50000000000000E+01
      3245      1082  0.50000000000000E+01
      3248      1083  0.50000000000000E+01
      3251      1084  0.50000000000000E+01
      3254      1085  0.50000000000000E+01
      3257      1086  0.50000000000000E+01
      3260      1087  0.50000000000000E+01
      3263      1088  0.50000000000000E+01
      3266      1089  0.50000000000000E+01
      3269      1090  0.50000000000000E+01
      3272      1091  0.50000000000000E+01
      3275      1092  0.50000000000000E+01
      3278      1093  0.50000000000000E+01
      3281      1094  0.50000000000000E+01
      3284      1095  0.50000000000000E+01
      3287      1096  0.50000000000000E+01
      3290      1097  0.50000000000000E+01
      3293      1098  0.50000000000000E+01
      3296      1099  0.50000000000000E+01
      3299      1100  0.50000000000000E+01
      3302      1101  0.50000000000000E+01
      3305      1102  0.50000000000000E+01
      3308      1103  0.50000000000000E+01
      3311      1104  0.50000000000000E+01
      3314      1105  0.50000000000000E+01
      3317      1106  0.50000000000000E+01
      3320      1107  0.50000000000000E+01
      3323      1108  0.50000000000000E+01
      3326      1109  0.50000000000000E+01
      3329      1110  0.50000000000000E+01
      3332      1111  0.50000000000000E+01
      3335      1112  0.50000000000000E+01
      3338      1113  0.50000000000000E+01
      3341      1114  0.50000000000000E+01
      3344      1115  0.50000000000000E+01
      3347      1116  0.50000000000000E+01
      3350      1117  0.50000000000000E+01
      3353      1118  0.50000000000000E+01
      3356      1119  0.50000000000000E+01
      3359      1120  0.50000000000000E+01
      3362      1121  0.50000000000000E+01
      3365      1122  0.50000000000000E+01
      3368      1123  0.50000000000000E+01
      3371      1124  0.50000000000000E+01
      3374      1125  0.50000000000000E+01
      3377      1126  0.50000000000000E+01
      3380      1127  0.50000000000000E+01
      3383      1128  0.50000000000000E+01
      3386      1129  0.50000000000000E+01
      3389      1130  0.50000000000000E+01
      3392      1131  0.50000000000000E+01
      3395      1132  0.50000000000000E+01
      3398      1133  0.50000000000000E+01
      3401      1134  0.50000000000000E+01
      3404      1135  0.50000000000000E+01
      3407      1136  0.50000000000000E+01
      3410      1137  0.50000000000000E+01
      3413      1138  0.50000000000000E+01
      3416      1139  0.50000000000000E+01
      3419      1140  0.50000000000000E+01
      3422      1141  0.50000000000000E+01
      3425      1142  0.50000000000000E+01
      3428      1143  0.50000000000000E+01
      3431      1144  0.50000000000000E+01
      3434      1145  0.50000000000000E+01
      3437      1146  0.50000000000000E+01
      3440      1147  0.50000000000000E+01
      3443      1148  0.50000000000000E+01
      3446      1149  0.50000000000000E+01
      3449      1150  0.50000000000000E+01
      3452      1151  0.50000000000000E+01
      3455      1152  0.50000000000000E+01
      3458      1153  0.50000000000000E+01
      3461      1154  0.50000000000000E+01
      3464      1155  0.50000000000000E+01
      3467      1156  0.50000000000000E+01
      3470      1157  0.50000000000000E+01
      3473      1158  0.50000000000000E+01
      3476      1159  0.50000000000000E+01
      3479      1160  0.50000000000000E+01
      3482      1161  0.50000000000000E+01
      3485      1162  0.50000000000000E+01
      3488      1163  0.50000000000000E+01
      3491      1164  0.50000000000000E+01
      3494      1165  0.50000000000000E+01
      3497      1166  0.50000000000000E+01
      3500      1167  0.50000000000000E+01
      3503      1168  0.50000000000000E+01
      3506      1169  0.50000000000000E+01
      3509      1170  0.50000000000000E+01
      3512      1171  0.50000000000000E+01
      3515      1172  0.50000000000000E+01
      3518      1173  0.50000000000000E+01
      3521      1174  0.50000000000000E+01
      3524      1175  0.50000000000000E+01
      3527      1176  0.50000000000000E+01
      3530      1177  0.50000000000000E+01
      3533      1178  0.50000000000000E+01
      3536      1179  0.50000000000000E+01
      3539      1180  0.50000000000000E+01
      3542      1181  0.50000000000000E+01
      3545      1182  0.50000000000000E+01
      3548      1183  0.50000000000000E+01
      3551      1184  0.50000000000000E+01
      3554      1185  0.50000000000000E+01
      3557      1186  0.50000000000000E+01
      3560      1187  0.50000000000000E+01
      3563      1188  0.50000000000000E+01
      3566      1189  0.50000000000000E+01
      3569      1190  0.50000000000000E+01
      3572      1191  0.50000000000000E+01
      3575      1192  0.50000000000000E+01
      3578      1193  0.50000000000000E+01
      3581      1194  0.50000000000000E+01
      3584      1195  0.50000000000000E+01
      3587      1196  0.50000000000000E+01
      3590      1197  0.50000000000000E+01
      3593      1198  0.50000000000000E+01
      3596      1199  0.50000000000000E+01
      3599      1200  0.50000000000000E+01
      3602      1201  0.50000000000000E+01
      3605      1202  0.50000000000000E+01
      3608      1203  0.50000000000000E+01
      3611      1204  0.50000000000000E+01
      3614      1205  0.50000000000000E+01
      3617      1206  0.50000000000000E+01
      3620      1207  0.50000000000000E+01
      3623      1208  0.50000000000000E+01
      3626      1209  0.50000000000000E+01
      3629      1210  0.50000000000000E+01
      3632      1211  0.50000000000000E+01
      3635      1212  0.50000000000000E+01
      3638      1213  0.50000000000000E+01
      3641      1214  0.50000000000000E+01
      3644      1215  0.50000000000000E+01
      3647      1216  0.50000000000000E+01
      3650      1217  0.50000000000000E+01
      3653      1218  0.50000000000000E+01
      3656      1219  0.50000000000000E+01
      3659      1220  0.50000000000000E+01
      3662      1221  0.50000000000000E+01
      3665      1222  0.50000000000000E+01
      3668      1223  0.50000000000000E+01
      3671      1224  0.50000000000000E+01
      3674      1225  0.50000000000000E+01
      3677      1226  0.50000000000000E+01
      3680      1227  0.50000000000000E+01
      3683      1228  0.50000000000000E+01
      3686      1229  0.50000000000000E+01
      3689      1230  0.50000000000000E+01
      3692      1231  0.50000000000000E+01
      3695      1232  0.50000000000000E+01
      3698      1233  0.50000000000000E+01
      3701      1234  0.50000000000000E+01
      3704      1235  0.50000000000000E+01
      3707      1236  0.50000000000000E+01
      3710      1237  0.50000000000000E+01
      3713      1238  0.50000000000000E+01
      3716      1239  0.50000000000000E+01
      3719      1240  0.50000000000000E+01
      3722      1241  0.50000000000000E+01
      3725      1242  0.50000000000000E+01
      3728      1243  0.50000000000000E+01
      3731      1244  0.50000000000000E+01
      3734      1245  0.50000000000000E+01
      3737      1246  0.50000000000000E+01
      3740      1247  0.50000000000000E+01
      3743      1248  0.50000000000000E+01
      3746      1249  0.50000000000000E+01
      3749      1250  0.50000000000000E+01
      3752      1251  0.50000000000000E+01
      3755      1252  0.50000000000000E+01
      3758      1253  0.50000000000000E+01
      3761      1254  0.50000000000000E+01
      3764      1255  0.50000000000000E+01
      3767      1256  0.50000000000000E+01
      3770      1257  0.50000000000000E+01
      3773      1258  0.50000000000000E+01
      3776      1259  0.50000000000000E+01
      3779      1260  0.50000000000000E+01
      3782      1261  0.50000000000000E+01
      3785      1262  0.50000000000000E+01
      3788      1263  0.50000000000000E+01
      3791      1264  0.50000000000000E+01
      3794      1265  0.50000000000000E+01
      3797      1266  0.50000000000000E+01
      3800      1267  0.50000000000000E+01
      3803      1268  0.50000000000000E+01
      3806      1269  0.50000000000000E+01
      3809      1270  0.50000000000000E+01
      3812      1271  0.50000000000000E+01
      3815      1272  0.50000000000000E+01
      3818      1273  0.50000000000000E+01
      3821      1274  0.50000000000000E+01
      3824      1275  0.50000000000000E+01
      3827      1276  0.50000000000000E+01
      3830      1277  0.50000000000000E+01
      3833      1278  0.50000000000000E+01
      3836      1279  0.50000000000000E+01
      3839      1280  0.50000000000000E+01
      3842      1281  0.50000000000000E+01
      3845      1282  0.50000000000000E+01
      3848      1283  0.50000000000000E+01
      3851      1284  0.50000000000000E+01
      3854      1285  0.50000000000000E+01
      3857      1286  0.50000000000000E+01
      3860      1287  0.50000000000000E+01
      3863      1288  0.50000000000000E+01
      3866      1289  0.50000000000000E+01
      3869      1290  0.50000000000000E+01
      3872      1291  0.50000000000000E+01
      3875      1292  0.50000000000000E+01
      3878      1293  0.50000000000000E+01
      3881      1294  0.50000000000000E+01
      3884      1295  0.50000000000000E+01
      3887      1296  0.50000000000000E+01
      3890      1297  0.50000000000000E+01
      3893      1298  0.50000000000000E+01
      3896      1299  0.50000000000000E+01
      3899      1300  0.50000000000000E+01
      3902      1301  0.50000000000000E+01
      3905      1302  0.50000000000000E+01
      3908      1303  0.50000000000000E+01
      3911      1304  0.50000000000000E+01
      3914      1305  0.50000000000000E+01
      3917      1306  0.50000000000000E+01
      3920      1307  0.50000000000000E+01
      3923      1308  0.50000000000000E+01
      3926      1309  0.50000000000000E+01
      3929      1310  0.50000000000000E+01
      3932      1311  0.50000000000000E+01
      3935      1312  0.50000000000000E+01
      3938      1313  0.50000000000000E+01
      3941      1314  0.50000000000000E+01
      3944      1315  0.50000000000000E+01
      3947      1316  0.50000000000000E+01
      3950      1317  0.50000000000000E+01
      3953      1318  0.50000000000000E+01
      3956      1319  0.50000000000000E+01
      3959      1320  0.50000000000000E+01
      3962      1321  0.50000000000000E+01
      3965      1322  0.50000000000000E+01
      3968      1323  0.50000000000000E+01
      3971      1324  0.50000000000000E+01
      3974      1325  0.50000000000000E+01
      3977      1326  0.50000000000000E+01
      3980      1327  0.50000000000000E+01
      3983      1328  0.50000000000000E+01
      3986      1329  0.50000000000000E+01
      3989      1330  0.50000000000000E+01
      3992      1331  0.50000000000000E+01
      3995      1332  0.50000000000000E+01
      3998      1333  0.50000000000000E+01
      4001      1334  0.50000000000000E+01
      4004      1335  0.50000000000000E+01
      4007      1336  0.50000000000000E+01
      4010      1337  0.50000000000000E+01
      4013      1338  0.50000000000000E+01
      4016      1339  0.50000000000000E+01
      4019      1340  0.50000000000000E+01
      4022      1341  0.50000000000000E+01
      4025      1342  0.50000000000000E+01
      4028      1343  0.50000000000000E+01
      4031      1344  0.50000000000000E+01
      4034      1345  0.50000000000000E+01
      4037      1346  0.50000000000000E+01
      4040      1347  0.50000000000000E+01
      4043      1348  0.50000000000000E+01
      4046      1349  0.50000000000000E+01
      4049      1350  0.50000000000000E+01
      4052      1351  0.50000000000000E+01
      4055      1352  0.50000000000000E+01
      4058      1353  0.50000000000000E+01
      4061      1354  0.50000000000000E+01
      4064      1355  0.50000000000000E+01
      4067      1356  0.50000000000000E+01
      4070      1357  0.50000000000000E+01
      4073      1358  0.50000000000000E+01
      4076      1359  0.50000000000000E+01
      4079      1360  0.50000000000000E+01
      4082      1361  0.50000000000000E+01
      4085      1362  0.50000000000000E+01
      4088      1363  0.50000000000000E+01
      4091      1364  0.50000000000000E+01
      4094      1365  0.50000000000000E+01
      4097      1366  0.50000000000000E+01
      4100      1367  0.50000000000000E+01
      4103      1368  0.50000000000000E+01
      4106      1369  0.50000000000000E+01
      4109      1370  0.50000000000000E+01
      4112      1371  0.50000000000000E+01
      4115      1372  0.50000000000000E+01
      4118      1373  0.50000000000000E+01
      4121      1374  0.50000000000000E+01
      4124      1375  0.50000000000000E+01
      4127      1376  0.50000000000000E+01
      4130      1377  0.50000000000000E+01
      4133      1378  0.50000000000000E+01
      4136      1379  0.50000000000000E+01
      4139      1380  0.50000000000000E+01
      4142      1381  0.50000000000000E+01
      4145      1382  0.50000000000000E+01
      4148      1383  0.50000000000000E+01
      4151      1384  0.50000000000000E+01
      4154      1385  0.50000000000000E+01
      4157      1386  0.50000000000000E+01
      4160      1387  0.50000000000000E+01
      4163      1388  0.50000000000000E+01
      4166      1389  0.50000000000000E+01
      4169      1390  0.50000000000000E+01
      4172      1391  0.50000000000000E+01
      4175      1392  0.50000000000000E+01
      4178      1393  0.50000000000000E+01
      4181      1394  0.50000000000000E+01
      4184      1395  0.50000000000000E+01
      4187      1396  0.50000000000000E+01
      4190      1397  0.50000000000000E+01
      4193      1398  0.50000000000000E+01
      4196      1399  0.50000000000000E+01
      4199      1400  0.50000000000000E+01
      4202      1401  0.50000000000000E+01
      4205      1402  0.50000000000000E+01
      4208      1403  0.50000000000000E+01
      4211      1404  0.50000000000000E+01
      4214      1405  0.50000000000000E+01
      4217      1406  0.50000000000000E+01
      4220      1407  0.50000000000000E+01
      4223      1408  0.50000000000000E+01
      4226      1409  0.50000000000000E+01
      4229      1410  0.50000000000000E+01
      4232      1411  0.50000000000000E+01
      4235      1412  0.50000000000000E+01
      4238      1413  0.50000000000000E+01
      4241      1414  0.50000000000000E+01
      4244      1415  0.50000000000000E+01
      4247      1416  0.50000000000000E+01
      4250      1417  0.50000000000000E+01
      4253      1418  0.50000000000000E+01
      4256      1419  0.50000000000000E+01
      4259      1420  0.50000000000000E+01
      4262      1421  0.50000000000000E+01
      4265      1422  0.50000000000000E+01
      4268      1423  0.50000000000000E+01
      4271      1424  0.50000000000000E+01
      4274      1425  0.50000000000000E+01
      4277      1426  0.50000000000000E+01
      4280      1427  0.50000000000000E+01
      4283      1428  0.50000000000000E+01
      4286      1429  0.50000000000000E+01
      4289      1430  0.50000000000000E+01
      4292      1431  0.50000000000000E+01
      4295      1432  0.50000000000000E+01
      4298      1433  0.50000000000000E+01
      4301      1434  0.50000000000000E+01
      4304      1435  0.50000000000000E+01
      4307      1436  0.50000000000000E+01
      4310      1437  0.50000000000000E+01
      4313      1438  0.50000000000000E+01
      4316      1439  0.50000000000000E+01
      4319      1440  0.50000000000000E+01
      4322      1441  0.50000000000000E+01
      4325      1442  0.50000000000000E+01
      4328      1443  0.50000000000000E+01
      4331      1444  0.50000000000000E+01
      4334      1445  0.50000000000000E+01
      4337      1446  0.50000000000000E+01
      4340      1447  0.50000000000000E+01
      4343      1448  0.50000000000000E+01
      4346      1449  0.50000000000000E+01
      4349      1450  0.50000000000000E+01
      4352      1451  0.50000000000000E+01
      4355      1452  0.50000000000000E+01
      4358      1453  0.50000000000000E+01
      4361      1454  0.50000000000000E+01
      4364      1455  0.50000000000000E+01
      4367      1456  0.50000000000000E+01
      4370      1457  0.50000000000000E+01
      4373      1458  0.50000000000000E+01
      4376      1459  0.50000000000000E+01
      4379      1460  0.50000000000000E+01
      4382      1461  0.50000000000000E+01
      4385      1462  0.50000000000000E+01
      4388      1463  0.50000000000000E+01
      4391      1464  0.50000000000000E+01
      4394      1465  0.50000000000000E+01
      4397      1466  0.50000000000000E+01
      4400      1467  0.50000000000000E+01
      4403      1468  0.50000000000000E+01
      4406      1469  0.50000000000000E+01
      4409      1470  0.50000000000000E+01
      4412      1471  0.50000000000000E+01
      4415      1472  0.50000000000000E+01
      4418      1473  0.50000000000000E+01
      4421      1474  0.50000000000000E+01
      4424      1475  0.50000000000000E+01
      4427      1476  0.50000000000000E+01
      4430      1477  0.50000000000000E+01
      4433      1478  0.50000000000000E+01
      4436      1479  0.50000000000000E+01
      4439      1480  0.50000000000000E+01
      4442      1481  0.50000000000000E+01
      4445      1482  0.50000000000000E+01
      4448      1483  0.50000000000000E+01
      4451      1484  0.50000000000000E+01
      4454      1485  0.50000000000000E+01
      4457      1486  0.50000000000000E+01
      4460      1487  0.50000000000000E+01
      4463      1488  0.50000000000000E+01
      4466      1489  0.50000000000000E+01
      4469      1490  0.50000000000000E+01
      4472      1491  0.50000000000000E+01
      4475      1492  0.50000000000000E+01
      4478      1493  0.50000000000000E+01
      4481      1494  0.50000000000000E+01
      4484      1495  0.50000000000000E+01
      4487      1496  0.50000000000000E+01
      4490      1497  0.50000000000000E+01
      4493      1498  0.50000000000000E+01
      4496      1499  0.50000000000000E+01
      4499      1500  0.50000000000000E+01
      4502      1501  0.50000000000000E+01
      4505      1502  0.50000000000000E+01
      4508      1503  0.50000000000000E+01
      4511      1504  0.50000000000000E+01
      4514      1505  0.50000000000000E+01
      4517      1506  0.50000000000000E+01
      4520      1507  0.50000000000000E+01
      4523      1508  0.50000000000000E+01
      4526      1509  0.50000000000000E+01
      4529      1510  0.50000000000000E+01
      4532      1511  0.50000000000000E+01
      4535      1512  0.50000000000000E+01
      4538      1513  0.50000000000000E+01
      4541      1514  0.50000000000000E+01
      4544      1515  0.50000000000000E+01
      4547      1516  0.50000000000000E+01
      4550      1517  0.50000000000000E+01
      4553      1518  0.50000000000000E+01
      4556      1519  0.50000000000000E+01
      4559      1520  0.50000000000000E+01
      4562      1521  0.50000000000000E+01
      4565      1522  0.50000000000000E+01
      4568      1523  0.50000000000000E+01
      4571      1524  0.50000000000000E+01
      4574      1525  0.50000000000000E+01
      4577      1526  0.50000000000000E+01
      4580      1527  0.50000000000000E+01
      4583      1528  0.50000000000000E+01
      4586      1529  0.50000000000000E+01
      4589      1530  0.50000000000000E+01
      4592      1531  0.50000000000000E+01
      4595      1532  0.50000000000000E+01
      4598      1533  0.50000000000000E+01
      4601      1534  0.50000000000000E+01
      4604      1535  0.50000000000000E+01
      4607      1536  0.50000000000000E+01
      4610      1537  0.50000000000000E+01
      4613      1538  0.50000000000000E+01
      4616      1539  0.50000000000000E+01
      4619      1540  0.50000000000000E+01
      4622      1541  0.50000000000000E+01
      4625      1542  0.50000000000000E+01
      4628      1543  0.50000000000000E+01
      4631      1544  0.50000000000000E+01
      4634      1545  0.50000000000000E+01
      4637      1546  0.50000000000000E+01
      4640      1547  0.50000000000000E+01
      4643      1548  0.50000000000000E+01
      4646      1549  0.50000000000000E+01
      4649      1550  0.50000000000000E+01
      4652      1551  0.50000000000000E+01
      4655      1552  0.50000000000000E+01
      4658      1553  0.50000000000000E+01
      4661      1554  0.50000000000000E+01
      4664      1555  0.50000000000000E+01
      4667      1556  0.50000000000000E+01
      4670      1557  0.50000000000000E+01
      4673      1558  0.50000000000000E+01
      4676      1559  0.50000000000000E+01
      4679      1560  0.50000000000000E+01
      4682      1561  0.50000000000000E+01
      4685      1562  0.50000000000000E+01
      4688      1563  0.50000000000000E+01
      4691      1564  0.50000000000000E+01
      4694      1565  0.50000000000000E+01
      4697      1566  0.50000000000000E+01
      4700      1567  0.50000000000000E+01
      4703      1568  0.50000000000000E+01
      4706      1569  0.50000000000000E+01
      4709      1570  0.50000000000000E+01
      4712      1571  0.50000000000000E+01
      4715      1572  0.50000000000000E+01
      4718      1573  0.50000000000000E+01
      4721      1574  0.50000000000000E+01
      4724      1575  0.50000000000000E+01
      4727      1576  0.50000000000000E+01
      4730      1577  0.50000000000000E+01
      4733      1578  0.50000000000000E+01
      4736      1579  0.50000000000000E+01
      4739      1580  0.50000000000000E+01
      4742      1581  0.50000000000000E+01
      4745      1582  0.50000000000000E+01
      4748      1583  0.50000000000000E+01
      4751      1584  0.50000000000000E+01
      4754      1585  0.50000000000000E+01
      4757      1586  0.50000000000000E+01
      4760      1587  0.50000000000000E+01
      4763      1588  0.50000000000000E+01
      4766      1589  0.50000000000000E+01
      4769      1590  0.50000000000000E+01
      4772      1591  0.50000000000000E+01
      4775      1592  0.50000000000000E+01
      4778      1593  0.50000000000000E+01
      4781      1594  0.50000000000000E+01
      4784      1595  0.50000000000000E+01
      4787      1596  0.50000000000000E+01
      4790      1597  0.50000000000000E+01
      4793      1598  0.50000000000000E+01
      4796      1599  0.50000000000000E+01
      4799      1600  0.50000000000000E+01
      4802      1601  0.50000000000000E+01
      4805      1602  0.50000000000000E+01
      4808      1603  0.50000000000000E+01
      4811      1604  0.50000000000000E+01
      4814      1605  0.50000000000000E+01
      4817      1606  0.50000000000000E+01
      4820      1607  0.50000000000000E+01
      4823      1608  0.50000000000000E+01
      4826      1609  0.50000000000000E+01
      4829      1610  0.50000000000000E+01
      4832      1611  0.50000000000000E+01
      4835      1612  0.50000000000000E+01
      4838      1613  0.50000000000000E+01
      4841      1614  0.50000000000000E+01
      4844      1615  0.50000000000000E+01
      4847      1616  0.50000000000000E+01
      4850      1617  0.50000000000000E+01
      4853      1618  0.50000000000000E+01
      4856      1619  0.50000000000000E+01
      4859      1620  0.50000000000000E+01
      4862      1621  0.50000000000000E+01
      4865      1622  0.50000000000000E+01
      4868      1623  0.50000000000000E+01
      4871      1624  0.50000000000000E+01
      4874      1625  0.50000000000000E+01
      4877      1626  0.50000000000000E+01
      4880      1627  0.50000000000000E+01
      4883      1628  0.50000000000000E+01
      4886      1629  0.50000000000000E+01
      4889      1630  0.50000000000000E+01
      4892      1631  0.50000000000000E+01
      4895      1632  0.50000000000000E+01
      4898      1633  0.50000000000000E+01
      4901      1634  0.50000000000000E+01
      4904      1635  0.50000000000000E+01
      4907      1636  0.50000000000000E+01
      4910      1637  0.50000000000000E+01
      4913      1638  0.50000000000000E+01
      4916      1639  0.50000000000000E+01
      4919      1640  0.50000000000000E+01
      4922      1641  0.50000000000000E+01
      4925      1642  0.50000000000000E+01
      4928      1643  0.50000000000000E+01
      4931      1644  0.50000000000000E+01
      4934      1645  0.50000000000000E+01
      4937      1646  0.50000000000000E+01
      4940      1647  0.50000000000000E+01
      4943      1648  0.50000000000000E+01
      4946      1649  0.50000000000000E+01
      4949      1650  0.50000000000000E+01
      4952      1651  0.50000000000000E+01
      4955      1652  0.50000000000000E+01
      4958      1653  0.50000000000000E+01
      4961      1654  0.50000000000000E+01
      4964      1655  0.50000000000000E+01
      4967      1656  0.50000000000000E+01
      4970      1657  0.50000000000000E+01
      4973      1658  0.50000000000000E+01
      4976      1659  0.50000000000000E+01
      4979      1660  0.50000000000000E+01
      4982      1661  0.50000000000000E+01
      4985      1662  0.50000000000000E+01
      4988      1663  0.50000000000000E+01
      4991      1664  0.50000000000000E+01
      4994      1665  0.50000000000000E+01
      4997      1666  0.50000000000000E+01
      5000      1667  0.50000000000000E+01
      5003      1668  0.50000000000000E+01
      5006      1669  0.50000000000000E+01
      5009      1670  0.50000000000000E+01
      5012      1671  0.50000000000000E+01
      5015      1672  0.50000000000000E+01
      5018      1673  0.50000000000000E+01
      5021      1674  0.50000000000000E+01
      5024      1675  0.50000000000000E+01
      5027      1676  0.50000000000000E+01
      5030      1677  0.50000000000000E+01
      5033      1678  0.50000000000000E+01
      5036      1679  0.50000000000000E+01
      5039      1680  0.50000000000000E+01
      5042      1681  0.50000000000000E+01
      5045      1682  0.50000000000000E+01
      5048      1683  0.50000000000000E+01
      5051      1684  0.50000000000000E+01
      5054      1685  0.50000000000000E+01
      5057      1686  0.50000000000000E+01
      5060      1687  0.50000000000000E+01
      5063      1688  0.50000000000000E+01
      5066      1689  0.50000000000000E+01
      5069      1690  0.50000000000000E+01
      5072      1691  0.50000000000000E+01
      5075      1692  0.50000000000000E+01
      5078      1693  0.50000000000000E+01
      5081      1694  0.50000000000000E+01
      5084      1695  0.50000000000000E+01
      5087      1696  0.50000000000000E+01
      5090      1697  0.50000000000000E+01
      5093      1698  0.50000000000000E+01
      5096      1699  0.50000000000000E+01
      5099      1700  0.50000000000000E+01
      5102      1701  0.50000000000000E+01
      5105      1702  0.50000000000000E+01
      5108      1703  0.50000000000000E+01
      5111      1704  0.50000000000000E+01
      5114      1705  0.50000000000000E+01
      5117      1706  0.50000000000000E+01
      5120      1707  0.50000000000000E+01
      5123      1708  0.50000000000000E+01
      5126      1709  0.50000000000000E+01
      5129      1710  0.50000000000000E+01
      5132      1711  0.50000000000000E+01
      5135      1712  0.50000000000000E+01
      5138      1713  0.50000000000000E+01
      5141      1714  0.50000000000000E+01
      5144      1715  0.50000000000000E+01
      5147      1716  0.50000000000000E+01
      5150      1717  0.50000000000000E+01
      5153      1718  0.50000000000000E+01
      5156      1719  0.50000000000000E+01
      5159      1720  0.50000000000000E+01
      5162      1721  0.50000000000000E+01
      5165      1722  0.50000000000000E+01
      5168      1723  0.50000000000000E+01
      5171      1724  0.50000000000000E+01
      5174      1725  0.50000000000000E+01
      5177      1726  0.50000000000000E+01
      5180      1727  0.50000000000000E+01
      5183      1728  0.50000000000000E+01
      5186      1729  0.50000000000000E+01
      5189      1730  0.50000000000000E+01
      5192      1731  0.50000000000000E+01
      5195      1732  0.50000000000000E+01
      5198      1733  0.50000000000000E+01
      5201      1734  0.50000000000000E+01
      5204      1735  0.50000000000000E+01
      5207      1736  0.50000000000000E+01
      5210      1737  0.50000000000000E+01
      5213      1738  0.50000000000000E+01
      5216      1739  0.50000000000000E+01
      5219      1740  0.50000000000000E+01
      5222      1741  0.50000000000000E+01
      5225      1742  0.50000000000000E+01
      5228      1743  0.50000000000000E+01
      5231      1744  0.50000000000000E+01
      5234      1745  0.50000000000000E+01
      5237      1746  0.50000000000000E+01
      5240      1747  0.50000000000000E+01
      5243      1748  0.50000000000000E+01
      5246      1749  0.50000000000000E+01
      5249      1750  0.50000000000000E+01
      5252      1751  0.50000000000000E+01
      5255      1752  0.50000000000000E+01
      5258      1753  0.50000000000000E+01
      5261      1754  0.50000000000000E+01
      5264      1755  0.50000000000000E+01
      5267      1756  0.50000000000000E+01
      5270      1757  0.50000000000000E+01
      5273      1758  0.50000000000000E+01
      5276      1759  0.50000000000000E+01
      5279      1760  0.50000000000000E+01
      5282      1761  0.50000000000000E+01
      5285      1762  0.50000000000000E+01
      5288      1763  0.50000000000000E+01
      5291      1764  0.50000000000000E+01
      5294      1765  0.50000000000000E+01
      5297      1766  0.50000000000000E+01
      5300      1767  0.50000000000000E+01
      5303      1768  0.50000000000000E+01
      5306      1769  0.50000000000000E+01
      5309      1770  0.50000000000000E+01
      5312      1771  0.50000000000000E+01
      5315      1772  0.50000000000000E+01
      5318      1773  0.50000000000000E+01
      5321      1774  0.50000000000000E+01
      5324      1775  0.50000000000000E+01
      5327      1776  0.50000000000000E+01
      5330      1777  0.50000000000000E+01
      5333      1778  0.50000000000000E+01
      5336      1779  0.50000000000000E+01
      5339      1780  0.50000000000000E+01
      5342      1781  0.50000000000000E+01
      5345      1782  0.50000000000000E+01
      5348      1783  0.50000000000000E+01
      5351      1784  0.50000000000000E+01
      5354      1785  0.50000000000000E+01
      5357      1786  0.50000000000000E+01
      5360      1787  0.50000000000000E+01
      5363      1788  0.50000000000000E+01
      5366      1789  0.50000000000000E+01
      5369      1790  0.50000000000000E+01
      5372      1791  0.50000000000000E+01
      5375      1792  0.50000000000000E+01
      5378      1793  0.50000000000000E+01
      5381      1794  0.50000000000000E+01
      5384      1795  0.50000000000000E+01
      5387      1796  0.50000000000000E+01
      5390      1797  0.50000000000000E+01
      5393      1798  0.50000000000000E+01
      5396      1799  0.50000000000000E+01
      5399      1800  0.50000000000000E+01
      5402      1801  0.50000000000000E+01
      5405      1802  0.50000000000000E+01
      5408      1803  0.50000000000000E+01
      5411      1804  0.50000000000000E+01
      5414      1805  0.50000000000000E+01
      5417      1806  0.50000000000000E+01
      5420      1807  0.50000000000000E+01
      5423      1808  0.50000000000000E+01
      5426      1809  0.50000000000000E+01
      5429      1810  0.50000000000000E+01
      5432      1811  0.50000000000000E+01
      5435      1812  0.50000000000000E+01
      5438      1813  0.50000000000000E+01
      5441      1814  0.50000000000000E+01
      5444      1815  0.50000000000000E+01
      5447      1816  0.50000000000000E+01
      5450      1817  0.50000000000000E+01
      5453      1818  0.50000000000000E+01
      5456      1819  0.50000000000000E+01
      5459      1820  0.50000000000000E+01
      5462      1821  0.50000000000000E+01
      5465      1822  0.50000000000000E+01
      5468      1823  0.50000000000000E+01
      5471      1824  0.50000000000000E+01
      5474      1825  0.50000000000000E+01
      5477      1826  0.50000000000000E+01
      5480      1827  0.50000000000000E+01
      5483      1828  0.50000000000000E+01
      5486      1829  0.50000000000000E+01
      5489      1830  0.50000000000000E+01
      5492      1831  0.50000000000000E+01
      5495      1832  0.50000000000000E+01
      5498      1833  0.50000000000000E+01
      5501      1834  0.50000000000000E+01
      5504      1835  0.50000000000000E+01
      5507      1836  0.50000000000000E+01
      5510      1837  0.50000000000000E+01
      5513      1838  0.50000000000000E+01
      5516      1839  0.50000000000000E+01
      5519      1840  0.50000000000000E+01
      5522      1841  0.50000000000000E+01
      5525      1842  0.50000000000000E+01
      5528      1843  0.50000000000000E+01
      5531      1844  0.50000000000000E+01
      5534      1845  0.50000000000000E+01
      5537      1846  0.50000000000000E+01
      5540      1847  0.50000000000000E+01
      5543      1848  0.50000000000000E+01
      5546      1849  0.50000000000000E+01
      5549      1850  0.50000000000000E+01
      5552      1851  0.50000000000000E+01
      5555      1852  0.50000000000000E+01
      5558      1853  0.50000000000000E+01
      5561      1854  0.50000000000000E+01
      5564      1855  0.50000000000000E+01
      5567      1856  0.50000000000000E+01
      5570      1857  0.50000000000000E+01
      5573      1858  0.50000000000000E+01
      5576      1859  0.50000000000000E+01
      5579      1860  0.50000000000000E+01
      5582      1861  0.50000000000000E+01
      5585      1862  0.50000000000000E+01
      5588      1863  0.50000000000000E+01
      5591      1864  0.50000000000000E+01
      5594      1865  0.50000000000000E+01
      5597      1866  0.50000000000000E+01
      5600      1867  0.50000000000000E+01
      5603      1868  0.50000000000000E+01
      5606      1869  0.50000000000000E+01
      5609      1870  0.50000000000000E+01
      5612      1871  0.50000000000000E+01
      5615      1872  0.50000000000000E+01
      5618      1873  0.50000000000000E+01
      5621      1874  0.50000000000000E+01
      5624      1875  0.50000000000000E+01
      5627      1876  0.50000000000000E+01
      5630      1877  0.50000000000000E+01
      5633      1878  0.50000000000000E+01
      5636      1879  0.50000000000000E+01
      5639      1880  0.50000000000000E+01
      5642      1881  0.50000000000000E+01
      5645      1882  0.50000000000000E+01
      5648      1883  0.50000000000000E+01
      5651      1884  0.50000000000000E+01
      5654      1885  0.50000000000000E+01
      5657      1886  0.50000000000000E+01
      5660      1887  0.50000000000000E+01
      5663      1888  0.50000000000000E+01
      5666      1889  0.50000000000000E+01
      5669      1890  0.50000000000000E+01
      5672      1891  0.50000000000000E+01
      5675      1892  0.50000000000000E+01
      5678      1893  0.50000000000000E+01
      5681      1894  0.50000000000000E+01
      5684      1895  0.50000000000000E+01
      5687      1896  0.50000000000000E+01
      5690      1897  0.50000000000000E+01
      5693      1898  0.50000000000000E+01
      5696      1899  0.50000000000000E+01
      5699      1900  0.50000000000000E+01
      5702      1901  0.50000000000000E+01
      5705      1902  0.50000000000000E+01
      5708      1903  0.50000000000000E+01
      5711      1904  0.50000000000000E+01
      5714      1905  0.50000000000000E+01
      5717      1906  0.50000000000000E+01
      5720      1907  0.50000000000000E+01
      5723      1908  0.50000000000000E+01
      5726      1909  0.50000000000000E+01
      5729      1910  0.50000000000000E+01
      5732      1911  0.50000000000000E+01
      5735      1912  0.50000000000000E+01
      5738      1913  0.50000000000000E+01
      5741      1914  0.50000000000000E+01
      5744      1915  0.50000000000000E+01
      5747      1916  0.50000000000000E+01
      5750      1917  0.50000000000000E+01
      5753      1918  0.50000000000000E+01
      5756      1919  0.50000000000000E+01
      5759      1920  0.50000000000000E+01
      5762      1921  0.50000000000000E+01
      5765      1922  0.50000000000000E+01
      5768      1923  0.50000000000000E+01
      5771      1924  0.50000000000000E+01
      5774      1925  0.50000000000000E+01
      5777      1926  0.50000000000000E+01
      5780      1927  0.50000000000000E+01
      5783      1928  0.50000000000000E+01
      5786      1929  0.50000000000000E+01
      5789      1930  0.50000000000000E+01
      5792      1931  0.50000000000000E+01
      5795      1932  0.50000000000000E+01
      5798      1933  0.50000000000000E+01
      5801      1934  0.50000000000000E+01
      5804      1935  0.50000000000000E+01
      5807      1936  0.50000000000000E+01
      5810      1937  0.50000000000000E+01
      5813      1938  0.50000000000000E+01
      5816      1939  0.50000000000000E+01
      5819      1940  0.50000000000000E+01
      5822      1941  0.50000000000000E+01
      5825      1942  0.50000000000000E+01
      5828      1943  0.50000000000000E+01
      5831      1944  0.50000000000000E+01
      5834      1945  0.50000000000000E+01
      5837      1946  0.50000000000000E+01
      5840      1947  0.50000000000000E+01
      5843      1948  0.50000000000000E+01
      5846      1949  0.50000000000000E+01
      5849      1950  0.50000000000000E+01
      5852      1951  0.50000000000000E+01
      5855      1952  0.50000000000000E+01
      5858      1953  0.50000000000000E+01
      5861      1954  0.50000000000000E+01
      5864      1955  0.50000000000000E+01
      5867      1956  0.50000000000000E+01
      5870      1957  0.50000000000000E+01
      5873      1958  0.50000000000000E+01
      5876      1959  0.50000000000000E+01
      5879      1960  0.50000000000000E+01
      5882      1961  0.50000000000000E+01
      5885      1962  0.50000000000000E+01
      5888      1963  0.50000000000000E+01
      5891      1964  0.50000000000000E+01
      5894      1965  0.50000000000000E+01
      5897      1966  0.50000000000000E+01
      5900      1967  0.50000000000000E+01
      5903      1968  0.50000000000000E+01
      5906      1969  0.50000000000000E+01
      5909      1970  0.50000000000000E+01
      5912      1971  0.50000000000000E+01
      5915      1972  0.50000000000000E+01
      5918      1973  0.50000000000000E+01
      5921      1974  0.50000000000000E+01
      5924      1975  0.50000000000000E+01
      5927      1976  0.50000000000000E+01
      5930      1977  0.50000000000000E+01
      5933      1978  0.50000000000000E+01
      5936      1979  0.50000000000000E+01
      5939      1980  0.50000000000000E+01
      5942      1981  0.50000000000000E+01
      5945      1982  0.50000000000000E+01
      5948      1983  0.50000000000000E+01
      5951      1984  0.50000000000000E+01
      5954      1985  0.50000000000000E+01
      5957      1986  0.50000000000000E+01
      5960      1987  0.50000000000000E+01
      5963      1988  0.50000000000000E+01
      5966      1989  0.50000000000000E+01
      5969      1990  0.50000000000000E+01
      5972      1991  0.50000000000000E+01
      5975      1992  0.50000000000000E+01
      5978      1993  0.50000000000000E+01
      5981      1994  0.50000000000000E+01
      5984      1995  0.50000000000000E+01
      5987      1996  0.50000000000000E+01
      5990      1997  0.50000000000000E+01
      5993      1998  0.50000000000000E+01
      5996      1999  0.50000000000000E+01
      5999      2000  0.50000000000000E+01
